pc1 pc2 sex age rsid.19.49206674.G.A.rec lewis_neg norm.iga
0.0262529 0.00372275 2 3 0.999 1 0.660393041
0.0180921 0.00504119 2 2 0 1 0.26565183
-0.101704 0.00679856 1 2 0.99 0 2.061242938
0.0152059 0.0171515 1 2 0 0 0.090377914
-0.166543 0.0190915 2 3 0 0 -0.049249918
0.0212943 -0.0300531 2 3 0 1 1.306185856
0.0120405 -0.00758274 2 3 0 0 -1.315874886
0.0229575 -0.0124236 2 3 1 1 -1.315874886
0.0169853 -0.016071 2 2 0 0 0.635092254
0.0225122 -0.00906103 1 2 1 1 -1.315874886
-0.00624682 0.0490287 1 2 0 1 0.467790334
-0.0378756 -0.0174349 1 3 0 1 -0.30410557
-0.0936801 -0.00909062 1 2 0 0 -0.467790334
-0.00776584 0.00354692 2 3 0 0 -0.329989986
0.0149915 -0.0196696 1 2 0 0 -1.315874886
-0.0328137 -0.0101033 2 2 0 0 0.144084537
-0.0963512 -0.0057979 1 3 0.999 0 0.240236009
0.0104437 -0.0162615 1 3 1 1 0.400165844
-0.00193024 0.00262195 1 2 0 0 -1.315874886
0.0287851 -0.0191186 1 2 0 0 0.822483165
0.0159163 0.0364924 1 3 0 0 -1.315874886
0.00580814 -0.00715035 1 3 0 0 0.219174766
-0.113962 -0.0102823 1 2 0.982 1 -1.315874886
0.0299559 0.00416767 1 3 0 0 -1.315874886
0.016379 -0.00384118 2 2 0 0 0.269904087
0.0173569 0.0245229 2 2 0 0 1.466950485
0.00917778 0.0176506 2 2 0 0 0.073912265
-0.00420021 -0.00507408 1 3 0 0 -1.315874886
0.00954888 0.00515701 1 2 0.979 0 2.061242938
0.0107379 0.00310205 2 3 0 0 1.080613517
0.0225662 -0.00361757 1 2 0 0 -0.771751089
0.0253465 0.0200493 2 2 0 0 -0.696543732
-0.0121783 -0.00556924 1 3 0.998 0 0.409070772
-0.120485 -0.0161983 2 3 0 0 -1.315874886
0.0167673 0.0201129 1 2 0 1 0.078026625
0.0223115 -0.00245471 2 3 0 0 -1.315874886
0.0191937 -0.0132559 2 3 1 0 1.325689047
0.0399301 -0.0177356 1 3 0 1 0.551903121
0.0155823 -0.00642613 1 2 0 1 -0.295523363
0.0171094 -0.000152841 1 2 0 0 -1.315874886
0.0205927 0.00861245 1 2 0 0 0.008205095
0.0143884 0.453339 2 3 0 0 0.918363094
0.0119096 -0.0173165 1 3 0.998 1 1.504045863
-0.00253 0.0148054 2 2 1 0 0.528170011
0.0275397 -0.00841935 1 2 0 1 0.561483339
0.000621836 -0.0108244 1 2 0 0 0.794046131
-0.0378237 -0.0225228 1 3 1 0 -1.315874886
0.0146193 -0.00359053 2 3 0 0 -0.004102513
0.023287 -0.000324402 1 2 0 0 -0.257161621
0.0209868 0.0243426 1 3 0 1 -0.650222853
0.0171557 -0.00695692 2 2 0 0 -0.325661004
0.0281254 -0.0171682 1 2 0 1 -1.315874886
0.00769786 -0.00791894 1 2 0 0 -0.045142842
0.0155082 -0.0146728 1 3 0 0 -1.315874886
0.0477409 0.0195077 2 3 0 0 1.073286948
0.00304579 -0.0139687 1 2 0 1 -1.315874886
0.0154062 -0.0145674 2 2 0 1 1.037486892
0.024637 -0.0116194 1 2 0 1 0.404614297
0.0118116 0.00887751 1 3 0.987 0 -0.144084537
0.0257422 -0.0189768 2 3 0 0 0.082142306
0.0241337 -0.00780293 2 2 0.996 0 0.252923496
0.0174428 -0.0416674 2 2 0 0 1.585161596
0.0147318 -0.0112914 2 2 0.997 0 -1.315874886
0.0116375 -0.0117236 1 3 0 0 0.053357824
0.00176184 -0.0179045 1 3 0 0 0.722931829
0.0227792 0.142948 2 2 0 0 0.413535385
0.0238058 -0.00253044 1 3 0 1 0.24868991
0.0224267 -0.000244965 2 2 0 0 -0.053357824
-0.0219516 -0.0232463 1 3 0 0 1.165386646
0.0147664 0.0354489 2 2 0 1 0.881460287
0.0170175 0.0132575 2 3 0.999 1 -0.71231714
-0.177516 -0.00113459 2 2 0 0 0.102743007
0.00445986 -0.0230484 1 2 0 0 2.061242938
-0.190744 0.0157052 1 2 0 0 1.443299324
-0.184561 -0.00496614 1 2 0 1 0.486177611
0.00890251 -0.0020671 1 2 0 1 0.312710236
0.0102237 -0.011691 1 3 0 1 0.788435695
0.0064571 -0.0180692 1 2 0 1 0.004102513
0.0205607 -0.0100754 1 3 0 0 0.278423349
0.00252406 -0.00499515 1 2 0 1 1.102949492
0.0084232 -0.00108773 2 2 0 0 -1.315874886
0.000465647 -0.015592 1 2 0 0 -0.537626839
0.049681 -0.100251 2 3 0 1 -0.486177611
0.0210451 -0.0822445 1 2 0 1 0.317021227
-0.0454774 -0.0019461 1 3 0 1 0.045142842
-0.0159388 -0.011336 1 2 0.979 0 0.537626839
-0.0411362 0.0230938 1 3 0.95 1 0.509396068
0.0118073 -0.00576818 2 3 0.957 0 0.766237182
0.0172309 0.0177907 1 2 0.999 0 0.036930905
0.0198863 0.0204633 1 3 0 0 -0.278423349
0.0239295 0.0763567 1 2 0 0 -0.504730759
-0.15339 -0.0137206 2 2 0 0 -0.391292537
-0.0397408 -0.0149265 2 2 0 0 1.529975016
0.0049498 -0.0564789 1 3 0 0 -0.816743045
-0.188191 -0.00797712 1 3 0 0 1.241550056
-0.000995986 0.0178263 1 2 0 0 -0.086259379
0.0199682 0.0127342 2 3 0 1 -1.315874886
0.00414821 0.00911681 1 2 0.99 0 -1.315874886
0.00892047 -0.0273032 2 3 0 1 1.455023168
-0.135432 -0.0106947 1 2 0 1 1.224007857
-0.0413721 -0.0066682 2 2 0.998 1 -1.315874886
-0.0888632 0.00903312 2 3 0 0 0.739008559
0.00237284 -0.0082801 2 2 0 1 -1.315874886
0.0105918 -0.0179743 2 3 0 1 0.595431869
-0.0296986 -0.0138231 1 2 0 0 -0.360471893
-0.00560983 -0.00374324 1 2 0 1 -0.556686843
0.0194859 -0.000648104 2 2 0 0 1.695311383
-0.00757795 0.183744 1 2 0.999 0 2.061242938
0.0214011 -0.0034781 1 3 0 0 -0.036930905
0.0233385 -0.0144787 1 2 0 1 -1.315874886
0.0138169 -0.00779652 2 3 0 0 0.334325161
0.0149248 0.0197361 1 3 0 1 -0.020513945
0.016886 -0.00624426 2 2 0 1 -0.400165844
-0.114435 -0.000639518 2 3 0 0 -0.073912265
0.0270653 -0.0165318 1 3 0 0 -1.315874886
0.00826341 -0.0147727 2 2 0 0 -0.106868105
0.0287693 -0.0138544 2 3 0 0 -0.749833225
-0.0557095 0.00303168 2 3 0 0 -1.315874886
0.0180134 0.015006 2 2 1 1 1.516882963
0.00181294 0.00236965 1 3 0 1 -1.315874886
-0.0208267 0.00833289 2 3 0 1 0.463218362
0.0257064 -0.0158649 2 2 0 0 1.479090223
0.0278821 -0.0178895 1 3 1 1 -1.315874886
0.0174772 0.00191305 2 3 0.999 0 0.771751089
0.0249475 -0.00555604 2 2 0 0 -0.148231095
0.0218918 -0.00103582 1 3 0 0 0.106868105
0.00817095 -0.0136395 2 2 0 1 1.023533548
0.0172427 0.0157462 1 2 0 1 -1.315874886
0.0221304 0.00426107 1 2 1 0 -0.102743007
0.00512178 0.0819339 2 3 0.976 0 0.418008257
0.0205432 -0.00146314 2 3 0.994 1 0.575951273
-0.00400396 -0.0188863 1 2 1 0 -0.223378946
0.0197984 -0.00960764 1 3 0 0 0.096558615
0.0117597 -0.0155736 2 3 0 0 0.744409989
-0.0363363 0.0109107 2 3 0 1 0.755278605
0.0163864 0.0164878 1 2 0 0 -1.315874886
-0.00586691 0.0140961 2 2 0 0 1.409267323
0.00736862 0.0136892 2 2 0.983 0 1.250466196
0.0195137 -0.0213313 1 3 0 1 0.532892468
0.0185203 -0.00426313 2 2 0 0 0.542373292
-0.152298 -0.0195613 1 2 0.992 0 -0.782849968
0.0242632 -0.0125964 1 3 0 0 -0.291240447
0.0193567 -0.0133429 1 3 0.998 1 0.185673908
0.0253682 0.0797503 1 2 0 0 -0.514072491
-0.00176378 -0.00203271 1 3 0 1 2.061242938
0.0213531 -0.00509121 2 3 0 0 1.366285319
0.0156367 0.0275596 2 2 0.994 0 -0.194028142
0.00854287 -0.0220431 2 3 0 0 -0.369241632
0.0132647 -0.000726481 2 2 0 1 -1.315874886
0.0199341 -0.0599285 2 3 0 0 0.139940455
-0.158135 -0.0133966 2 3 0 1 -0.566292787
0.0109965 -0.0173796 2 3 0 0 -1.315874886
-0.0100355 0.0208195 2 3 0 0 -0.135798774
-0.0212359 -0.013932 1 3 0 0 2.061242938
-0.00289297 -0.0158257 1 2 1 1 -0.210777936
-0.0724624 -0.0234915 1 2 0 0 1.232731538
0.014672 0.0185437 2 3 0.995 0 0.57111537
0.0198552 -0.0144725 1 3 0 0 -1.315874886
0.0202799 0.015353 1 2 1 1 -0.219174766
0.0181947 -0.0114339 1 3 0 0 0.556686843
0.00206208 -0.0124651 1 3 0 1 2.061242938
0.0103608 -0.0174593 1 3 0 1 0.869423773
-0.142036 -0.0143381 2 2 0.98 0 -0.518760184
0.0088236 -0.00361676 1 3 0 1 -1.315874886
0.00599696 -0.015567 2 3 0 0 -0.547131995
0.00532752 1.49e-05 1 2 0 0 -1.315874886
-0.00482601 -0.00730594 2 2 0 1 -1.315874886
0.00506038 -0.00541533 1 3 0 1 -0.274161231
0.0362819 -0.0145863 2 3 0 0 -0.26140437
-0.0183948 0.0103437 2 2 0 1 0.020513945
0.0207294 -0.0119881 2 3 1 1 0.481565603
0.027649 -0.0144511 1 3 0 0 -0.686123831
-0.00870024 0.00752715 1 2 0 0 0.476963815
0.0151896 0.0973123 1 3 0 0 0.44502575
0.0271969 0.0103863 2 2 0 0 -0.655299474
-0.0300545 0.00262709 2 3 0 0 -0.185673908
0.0111426 -0.0124115 2 2 0 1 -0.426979258
-0.0875152 -0.0135202 1 2 0 0 0.680941753
-0.058505 0.0227162 1 3 0 0 -1.315874886
0.0213042 0.0174198 2 3 0 0 0.620105675
-0.16489 -0.00100507 2 2 0 0 2.061242938
0.0129966 0.087482 2 3 0 0 1.030485141
-0.0429873 0.00548482 1 2 0.992 1 -0.542373292
0.0114791 0.135905 2 3 0 0 -0.590540785
0.0216503 0.0590912 2 3 0 1 -0.828250514
0.0217906 -0.00257761 2 2 0.991 0 -1.315874886
0.0120482 -0.00089172 1 2 0 0 0.26140437
0.0158671 -0.0127638 2 3 0 1 -0.845720518
0.00315491 0.0911892 2 3 0.979 1 -0.35609744
0.0125208 -0.0100017 1 3 0 1 -0.733628604
0.0222327 -0.0198537 1 3 0 1 -0.024617494
0.00844789 -0.00814681 2 3 0 1 0.839868722
0.0228766 -0.0451961 2 3 0.994 0 1.599739879
-0.140907 0.00870308 1 2 1 1 0.244460776
0.0114601 -0.00394906 2 3 0 0 -1.315874886
0.0238909 -0.0158105 1 2 0 1 0.210777936
-0.0196424 -0.00611791 1 2 0.998 1 -1.315874886
0.018842 -0.031935 1 3 0 0 -0.57111537
0.0196771 -0.0130197 2 3 0 1 -1.315874886
-0.00916044 -0.0151459 2 3 0.956 0 0.749833225
0.0137821 -0.00889978 2 2 0 0 -0.805342728
0.0170593 0.0221552 2 3 0 0 -0.028721457
0.0163166 -0.00859585 2 2 0 0 2.061242938
0.025472 0.121575 2 2 0 0 -0.595431869
0.0106401 -0.0157498 2 3 0 0 0.937291103
0.000771121 -0.0210754 1 3 0 0 -0.44502575
-0.11921 0.00628646 2 3 0 1 0.89362588
0.0259308 -0.00817385 2 2 0 0 1.157334207
0.0153523 0.00806773 1 3 0.995 0 0.308405049
0.00940549 0.0194428 1 3 0.965 0 0.274161231
0.0221622 -0.0144263 1 2 0 1 0.816743045
0.0176551 -0.0171007 2 2 0 1 0.422489507
0.0211658 0.0136242 1 2 0 1 0.71231714
0.0158271 0.0542107 1 2 0 0 -0.691324399
0.000755807 -0.0162512 2 2 0 1 2.061242938
-0.031124 -0.01756 1 3 0.967 1 -0.012307815
0.00985439 0.0246461 1 3 0 1 -0.851601419
0.00242925 -0.0102171 2 2 0 1 -0.202395941
-0.00520599 -0.00814113 2 3 0 0 -0.123387409
0.0152589 -0.000541793 2 3 0 1 0.650222853
0.0157092 0.00281535 1 2 0.987 1 -0.799681673
0.025099 0.0115106 1 3 0.992 0 0.686123831
0.0218489 0.00305985 1 2 0 0 -1.315874886
0.012378 0.0126083 1 2 0 0 -0.078026625
0.0225938 -0.0200765 2 2 0 0 0.969607394
0.0194921 -0.011571 1 2 0.995 1 -0.532892468
0.0106891 0.00900554 1 2 0 0 1.431770569
-0.0875678 -0.0364557 1 3 0 0 0.490799984
0.0115219 -0.00635654 2 2 0 0 -1.315874886
-0.00272676 -0.0239349 1 3 0 1 0.024617494
0.0203684 -0.00754735 1 3 0 0 0.875426176
0.0205228 -0.0039408 2 3 0.957 0 0.625085577
0.0169142 -0.00694418 2 2 0 1 -0.857511921
0.0212109 0.00297682 1 2 0 0 0.982820926
0.0105707 -0.00343827 2 2 0 0 -0.057466632
0.0205791 -0.0217074 1 2 0 1 0.395725296
0.020138 0.0883289 1 2 0 1 0.857511921
0.00961225 -0.0168743 2 3 0.984 0 0.426979258
0.0158985 -0.0170651 2 2 0 0 0.828250514
0.0194485 0.13785 1 3 0 1 -1.315874886
0.0151778 -0.019773 1 2 0 0 -0.435984755
-0.105185 0.000168485 1 3 0 0 -0.347368841
0.0188265 0.00145236 2 2 0 1 -1.315874886
0.00625709 3.95e-05 2 3 0 1 0.360471893
0.0379738 0.00306233 1 2 0 0 -0.404614297
0.0151317 0.0057441 2 2 0 0 -0.680941753
0.0182067 -0.0133801 2 3 0 0 0.156531936
0.00465903 0.00674034 2 3 0 0 -0.090377914
0.0218729 -0.00603938 2 3 0 1 1.570912624
0.0227814 -0.0153061 1 3 0.997 1 -0.231799244
0.0233617 0.0191111 2 3 0 0 2.061242938
0.0105531 -0.00209514 2 3 0 0 -1.315874886
0.00161089 0.00186048 1 2 0.978 1 -0.127522325
0.0151594 -0.0118247 1 2 0 0 -0.338666628
0.013542 -0.0107649 1 2 0.991 1 0.06157641
0.00290548 0.00679689 2 3 0 0 -1.315874886
0.0298357 0.00398058 1 2 0 0 -0.440500752
0.0160459 -0.0035589 1 2 0 0 2.061242938
0.00693214 -0.011615 1 3 0 0 0.169003637
0.0121918 0.00217717 1 2 0.999 0 -1.315874886
0.0202044 -0.00388846 2 2 0 0 -0.675777898
0.014131 -0.0161776 1 3 0 0 0.369241632
0.0160521 -0.0176819 2 3 0 0 -0.364853255
0.0213264 -0.00483118 2 2 0 1 -0.156531936
0.010455 0.0217845 2 3 0 1 1.198379702
0.0203793 -0.00657282 1 2 0 0 0.069799156
-0.136903 -0.0164649 1 2 0 0 0.495432867
0.00557842 0.000334381 1 3 0 0 0.845720518
0.0124372 -0.0039091 1 3 0.927 0 -0.635092254
0.0108588 -0.000869128 1 2 0 0 -0.413535385
0.0117652 -0.0175652 2 2 0 1 -1.315874886
0.00177123 -0.0147519 1 2 0 0 0.799681673
-0.00294866 -0.0102228 1 2 0.998 0 2.061242938
-0.00426281 -0.0129578 1 2 0 0 2.061242938
0.0211565 -0.0144342 1 2 0 0 0.645162934
0.0127034 0.163658 2 2 0 0 -1.315874886
0.018972 -0.0112605 2 2 0 1 0.863452532
-0.17573 0.00875765 2 2 0 0 -1.315874886
0.0321706 -0.00976195 2 2 0 1 1.645647596
0.0322631 -0.0138667 2 2 0 0 0.777288559
0.0260801 -0.0126967 2 2 0 0 -1.315874886
0.0172052 -0.0124062 2 2 0.963 1 -1.315874886
0.0197917 -0.0181365 2 3 0 1 -0.065687228
0.0245555 0.0121649 2 3 0 1 -1.315874886
0.00623665 -0.0171758 2 2 0 1 0.223378946
0.016534 -0.0108729 2 2 0.994 0 0.123387409
0.0124125 0.000880616 1 3 0.998 1 -1.315874886
0.0163438 0.105203 2 3 1 1 -0.312710236
0.0169807 0.0114475 1 2 0 1 2.061242938
0.0166042 -0.00372201 1 2 0 0 -0.454103269
0.0228087 -0.0141024 2 3 0 0 1.629961395
0.011649 -0.0088268 1 2 0 1 1.149356122
-0.127432 -0.0127587 1 3 0 0 -1.315874886
0.0169524 0.0628243 1 2 0 1 -0.282690531
0.0147111 -0.0152116 1 2 0 1 -0.600337239
0.0149452 -0.0201001 1 2 0.997 1 -0.373637132
0.0209434 -0.0046836 2 3 0 1 0.976192855
0.0157562 -0.0187493 2 2 0 1 -0.458656052
0.0126612 0.13712 2 3 0 0 -0.500076409
0.026625 0.0168502 1 3 0 1 -0.70178211
0.0193121 0.110401 2 2 0 0 -1.315874886
-0.0948588 0.00768593 1 3 0 0 -0.640119479
0.0265556 -0.0101321 2 3 0 1 -0.119254601
0.00864501 -0.0115071 2 2 1 1 -0.227587078
0.0192958 -0.0036562 2 3 0 0 1.54333469
0.0124075 -0.0135532 1 2 0 1 -0.198210307
-0.00294777 -0.00617438 2 2 0 0 1.296617918
0.0114281 0.0226807 1 3 0.998 0 0.887526664
0.00803189 -0.00026358 1 2 0 0 -1.315874886
0.0267798 -0.0135842 2 2 1 0 0.547131995
0.0376911 -0.0507088 1 2 1 0 0.391292537
-0.0246913 -0.0091803 2 2 0 1 0.805342728
0.00638839 0.00820409 2 2 0 0 2.061242938
0.0150604 -0.00303472 1 3 0 0 1.556975643
0.0103167 0.0177935 1 2 0 0 0.717614378
-0.000506097 0.00969154 2 3 0.993 0 -0.575951273
0.02643 -0.00218769 1 2 0.997 0 -0.585663788
0.00555155 0.0125121 1 3 1 0 0.760746474
0.0234218 -0.0164232 2 2 0.998 0 -1.315874886
-0.00401647 0.00533885 1 3 0 1 -0.766237182
0.0214147 0.0131765 2 2 0.983 0 0.386867453
0.0154482 -0.0662428 2 2 0 1 -0.476963815
-0.0112148 0.109214 1 3 0 0 0.590540785
0.0236341 0.0155951 2 3 0.999 0 -0.839868722
-0.0370826 -0.0201834 2 3 0.998 1 0.378039862
0.00692283 -0.00350025 1 3 0 0 -0.173166623
0.0132173 -0.00616666 2 2 0.999 1 0.325661004
0.0228844 0.00954834 2 3 0 0 0.135798774
0.014145 -0.00301792 2 2 0 1 -0.523459303
0.009866 -0.0160226 2 3 0 0 1.181722379
-0.0364788 0.00379918 2 2 1 1 -0.177332612
0.0198475 -0.0126912 2 2 0 0 2.061242938
0.0012215 -0.0344264 1 2 0 1 0.282690531
0.010513 -0.0174273 1 2 0 0 1.190009767
0.0176543 -0.0647179 1 2 0.996 0 -0.707039816
0.0223903 -0.0279969 2 2 0 1 -0.317021227
0.0116329 -0.00455308 2 3 0 0 -1.315874886
0.013449 -0.0850954 2 2 0 1 0.343014487
0.0179256 0.0956451 2 3 0 0 0.347368841
-0.0301719 0.0179918 2 3 0 0 -1.315874886
0.00373196 -0.0107034 2 3 0 0 0.811029711
0.0192946 -0.0187075 2 3 0 0 1.066017543
0.0377692 -0.000758052 1 3 0.996 1 -1.315874886
0.020616 0.0498791 1 2 0 1 -1.315874886
0.0155743 0.00913175 1 2 0 0 0.566292787
0.0163237 -0.0167781 2 3 1 1 0.431477632
0.0267072 0.0238353 1 2 0 0 0.523459303
0.0136014 -0.0182966 2 3 0 0 0.291240447
0.0181071 0.0303311 1 2 0 1 -0.269904087
-0.0459318 -0.00976712 2 2 0 1 1.002969425
0.0150991 0.00154433 1 3 0 0 0.655299474
0.00769049 -0.0125522 1 2 0 1 -0.665503799
0.0191133 -0.00865754 2 2 0 0 0.930944719
0.00742115 -0.0289754 1 3 1 0 -1.315874886
0.0204663 0.00639691 1 3 0 1 -1.315874886
0.0115491 -0.0133197 1 2 0 1 -0.620105675
-0.187991 0.0106682 2 2 0 0 0.164843578
0.0219474 -0.0178255 2 3 0 1 -0.206585124
0.0207918 -0.0142697 2 3 0 1 -0.152380203
-0.143093 -0.010371 2 2 0 0 0.198210307
0.0158424 -0.017165 2 3 0 0 -0.645162934
0.0200851 -0.016666 1 3 0 0 -1.315874886
-0.0260614 -0.00275512 1 3 0 1 1.345709963
0.0178613 -0.00850501 1 2 0 1 1.25948287
0.0170245 0.000498607 1 3 0.927 0 0.691324399
0.00929934 0.00194096 2 2 1 1 -1.315874886
0.0252611 0.00115452 1 3 0 1 -1.315874886
-0.0125344 -0.0096156 1 2 0 1 -0.169003637
-0.0111886 0.00608969 2 3 0.988 1 -0.11512383
0.0197014 -0.0109102 1 2 0 1 1.661749501
0.0282538 0.0194774 1 2 0.998 0 1.215376345
0.00680519 0.00152111 1 2 0 0 1.712834212
0.0178449 -0.00185757 2 2 0.976 0 -0.490799984
0.0219807 -0.0926235 1 3 1 1 0.016410742
0.011578 -0.0158447 2 2 0 1 0.989492457
0.0231894 -0.00502809 2 2 0 0 -1.315874886
-0.0018597 -0.00391459 2 2 0 1 0.963063718
0.0236625 -0.0076105 1 2 0 0 0.514072491
0.0223732 -0.0149425 1 2 0 1 -1.315874886
-0.0910275 0.18816 2 2 0.997 0 -1.315874886
0.0244241 0.000838869 1 3 0 0 -1.315874886
-0.070156 -0.0255952 1 2 0 0 0.950098524
0.0308388 -0.0163251 1 2 0 0 -0.472372106
-0.00548814 -0.0240401 1 2 0 0 0.665503799
-0.188835 -0.00571631 2 2 0 0 -0.160686369
-0.0205361 -0.010614 2 3 0 0 -0.131659422
0.0169413 -0.000132302 1 3 0.999 0 0.90592519
0.0181953 0.210805 2 2 0 0 1.730899327
-0.139435 0.0107608 2 2 0 0 -0.299811706
0.0284758 -0.00678026 1 2 0 1 -1.315874886
0.00976246 0.00897319 1 3 0 0 -0.755278605
0.0145402 -0.0190105 1 3 0.994 0 -0.069799156
0.0214185 0.0117666 2 2 0 0 -1.315874886
0.0342715 0.00383639 2 2 0 0 1.376793488
-0.0523707 -0.0367877 2 2 0 1 -0.431477632
0.0084973 -0.0178057 1 2 0.998 0 1.206834444
-0.0256139 0.00553653 1 2 0 1 1.749547652
-0.00469647 -0.0070832 2 2 0 0 2.061242938
0.0153621 -0.000616142 1 2 0.988 0 0.454103269
-0.0606584 0.00141379 1 3 0 0 -0.610191649
0.0196407 -0.015717 2 3 0 0 1.173515367
-0.0257675 0.00284076 1 3 0 1 0.70178211
0.00689101 -0.00170078 2 3 0 0 0.012307815
0.0211967 -0.0146153 2 2 1 1 -1.315874886
0.0173116 -0.0436787 2 3 1 0 0.605257097
0.0276275 -0.0508072 2 2 0 0 -1.315874886
-0.0361125 -0.0138524 1 2 0 0 -0.382449932
0.0155016 0.0116733 1 2 0 1 -0.660393041
0.000636116 -0.0269684 1 3 0 1 0.329989986
0.0192102 -0.00379082 2 2 0.996 1 0.373637132
0.0117438 -0.00881194 1 3 0.999 1 -1.315874886
0.0156515 -0.0161799 2 3 0.959 1 -0.06157641
0.0135624 0.0183445 1 3 0 1 2.061242938
0.0194757 -2.05e-06 2 2 0 0 0.7282698
-0.0177281 -0.001993 1 2 0 1 0.173166623
0.0146144 -0.0148858 2 2 0 0 -0.110995022
0.00890745 -0.0391254 1 2 0.995 0 0.227587078
0.0132837 -0.0888204 2 3 0.998 0 -0.24868991
-0.0623294 0.00949761 1 3 0 0 0
0.0192943 -0.00286482 2 2 0 0 0.152380203
0.0021363 -0.00626724 1 2 0 0 -0.139940455
-0.0271889 0.0184756 1 2 0 0 0.500076409
0.0301261 -0.0162088 1 3 0 1 0.214974456
0.0229006 -0.00352287 1 3 0 0 -0.625085577
0.0224428 -0.00011926 2 3 0 0 -1.315874886
0.0141222 -0.0157024 2 3 0 0 -1.315874886
0.0153041 -0.0298297 1 2 0 1 0.202395941
0.012629 0.0234344 1 3 0.992 0 1.355925888
0.017176 -0.0113139 1 2 0 0 -1.315874886
0.0101381 0.00134311 2 2 0 1 -1.315874886
0.0181846 -0.0111346 2 3 0 1 0.600337239
0.0225211 -0.0124988 2 2 0 0 -1.315874886
-0.00331986 -0.000191713 2 3 0 1 0.351729791
0.00136585 -0.0084069 2 3 0 0 1.491451939
-0.0162027 -0.0216291 2 3 0 1 -0.321338117
0.0289607 0.000935061 2 2 0 0 1.095443416
-0.00215755 -0.00763573 1 2 0 0 0.065687228
0.00860782 0.127462 1 2 0 0 -0.164843578
0.0164568 -0.016467 2 2 0.99 0 0.057466632
0.0252427 -0.0124398 2 3 0 1 2.061242938
0.0192205 -0.00404854 1 2 0 1 1.141450529
0.0409248 -0.0403044 1 2 1 0 -1.315874886
0.0171203 0.00811778 1 3 0.993 0 -1.315874886
0.00841263 -0.0182821 1 2 0 1 0.119254601
0.0180659 -0.00415814 1 3 0 1 -0.788435695
-0.0420207 0.00723284 2 3 0.994 0 -0.351729791
0.0158251 -0.00722191 2 2 0 1 -0.744409989
-0.162308 0.000170557 1 2 0 1 -0.032825904
0.0125201 -0.00647753 1 3 1 1 0.733628604
-0.041282 -0.0127947 1 2 0 0 0.35609744
0.0147135 -0.0174293 1 3 0.961 0 0.899758521
-0.0818662 -0.0220243 1 2 0 0 1.678294152
0.0127511 -0.0178884 1 2 0 0 -0.551903121
0.0107289 0.0167615 1 2 0 1 -0.386867453
0.0137033 -0.0164353 1 3 0 0 -1.315874886
0.000518714 -0.00949037 1 3 0 0 1.087998557
-0.0488794 -0.0119178 1 2 0 1 -1.315874886
0.0211725 0.00389289 2 2 0 1 -1.315874886
0.0106672 -0.0149965 2 3 0 0 0.472372106
0.0142065 -0.0173331 1 3 0 0 0.707039816
0.0220887 0.0289179 2 3 0.986 1 1.051645211
0.0153608 -0.0108472 1 2 0 1 0.028721457
0.0185034 0.0128642 1 3 0 1 -0.811029711
-0.0235369 -0.00383479 2 3 0 1 -0.7282698
-0.060655 -0.0182815 1 2 0 1 0.382449932
0.00900149 -0.00266668 2 3 0.996 0 -0.308405049
0.0249203 -0.0172016 2 2 0 0 0.364853255
0.0237152 0.00721284 1 2 0.994 0 0.177332612
0.0214773 -0.01798 2 3 0 0 2.061242938
-0.00459009 -0.0158012 1 2 0.997 0 -0.343014487
0.00509635 -0.0138614 2 2 0 1 1.009776688
0.0207926 0.0109012 1 3 0 0 -1.315874886
0.0237251 -0.0175716 2 2 0 1 -0.481565603
0.00642714 -0.0167842 2 2 0 0 -1.315874886
0.0128974 -0.00047928 1 3 0 0 0.440500752
0.0149979 1.43e-05 2 2 0 1 -0.008205095
-0.0106487 -0.014707 1 2 0 0 -0.875426176
0.0265698 -0.0123488 2 2 0 1 1.268603119
0.0127996 -0.00911161 1 2 0.981 0 -0.670632
0.0076412 -0.0782616 2 3 0 1 -0.463218362
0.02367 -0.0194064 2 2 0 0 0.504730759
0.0121333 -0.00146473 1 2 0 0 0.580800682
0.00182573 0.00174724 1 3 0.976 1 1.125849725
-0.00223963 -0.00873619 2 2 0.996 0 0.458656052
0.0278861 -0.01474 2 2 0 0 0.131659422
0.0167574 -0.0048353 2 2 0 1 -1.315874886
0.0101067 -0.00759342 1 2 0 1 0.236015527
0.0165743 0.013762 1 2 0.998 0 1.28716723
0.012563 -0.015539 1 3 0 0 0.148231095
0.0013606 0.0224361 2 2 0 0 -1.315874886
0.00409612 0.00140807 1 2 0 0 0.996208323
-0.000611287 0.0127371 1 3 0 0 -1.315874886
-0.0180033 0.0104786 1 2 0 0 -0.509396068
0.0185285 -0.00808724 2 3 0.993 0 -1.315874886
-0.181419 0.0217682 2 2 0 1 -0.615141105
-0.121164 0.016856 1 2 0 0 -1.315874886
-0.0522697 0.000132674 1 3 0 1 -1.315874886
0.0185992 -0.0114974 2 2 0 0 -0.181501682
0.0149121 -0.00498362 2 2 0 0 -0.26565183
0.00990837 -0.0122929 1 3 0.986 0 -1.315874886
0.0242441 -0.0131065 1 3 0 0 -0.863452532
0.0218805 -0.00580668 2 3 0 0 -0.409070772
0.0194102 -0.011048 2 2 0 0 1.110518229
0.0132205 -0.00373864 1 2 0 0 0.435984755
-0.0088522 0.0125297 2 2 0 0 0.189849369
-0.0910659 -0.0160723 1 3 0 0 0.086259379
-0.0146042 -0.0257614 1 3 0.998 1 0.181501682
-0.0371906 -0.0136008 2 2 0 1 0.206585124
0.0101077 0.0287568 2 3 0 1 1.315874886
0.0193459 -0.00273986 1 3 0.993 1 0.295523363
0.0120546 -0.0198588 1 2 0.997 0 -0.580800682
0.0257218 -0.00746267 2 3 0.974 1 -0.449559879
-0.0414538 0.0146325 2 2 0 0 2.061242938
0.0122174 0.0184454 1 2 0 0 -0.334325161
0.0250068 -0.05762 2 3 0 0 -0.286962867
0.00867178 0.0030335 1 2 0 1 -0.722931829
0.0168478 -0.0103784 1 2 0 0 -0.378039862
0.0145212 -0.000608883 2 3 0 1 -1.315874886
0.0311285 -0.00746649 1 3 0.998 0 0.943675465
0.0189633 0.0139899 1 2 0 0 -0.528170011
0.0196348 -0.00840292 2 2 0.999 0 0.956561021
-0.00227481 -0.00316162 2 3 0 0 1.387455924
0.0220424 0.00819825 2 3 0 0 -0.244460776
0.0176071 -0.0870689 2 3 0.978 1 0.231799244
0.0151814 -0.0169188 1 2 0 0 -0.760746474
-0.0607058 -0.0093805 2 3 0 1 0.610191649
0.0191154 0.0250406 2 3 0 0 -1.315874886
-0.048765 -0.00869813 2 2 0.999 1 -0.869423773
0.00278411 -0.01191 1 3 0 1 0.127522325
0.0157784 -0.00101256 2 2 1 1 0.096558615
0.00333596 -0.0114911 1 2 0 1 -1.315874886
0.0242986 -0.015784 2 2 0 0 -0.214974456
-0.0083841 -0.00402797 2 3 0 0 -0.098619657
0.0232584 0.00429738 2 2 0 1 0.160686369
0.0134225 -0.00351347 1 2 0.985 1 -0.240236009
-0.00852973 0.0076019 2 2 0 1 0.924635611
0.0241016 -0.0918459 2 3 0 1 0.851601419
0.0119549 -0.00773652 2 3 0 0 -0.236015527
-0.0220818 0.0108335 2 3 0.989 0 1.016631068
0.0167555 -0.0217717 1 3 0.996 1 1.277830128
0.0227773 0.050293 1 3 0.999 0 -1.315874886
-0.172791 0.00932369 1 2 0 1 1.614666302
0.0374609 -0.00893545 1 2 0 0 0.321338117
-0.00536454 0.0224097 2 3 0 1 -1.315874886
-0.106957 -0.0562575 1 3 0.993 0 -0.422489507
0.0402345 0.0265369 1 2 0 1 0.449559879
-0.00848042 -0.00453797 1 3 0 0 0.032825904
0.0180252 -0.0144073 2 2 0.999 0 -1.315874886
0.0212324 -0.0110758 2 2 1 0 0.630081029
0.0119084 0.0196545 1 2 0 0 -0.881460287
0.000461627 -0.00391233 1 2 0 0 0.640119479
-0.00395932 -0.0592867 2 3 0 1 1.133615639
-0.0659558 -0.0219942 1 3 1 0 -1.315874886
0.0233416 -0.00865881 1 3 0.996 0 0.257161621
0.0115394 -0.00645373 2 3 0 0 -1.315874886
0.0165858 -0.0190772 2 2 1 0 0.675777898
0.00657332 0.034436 2 2 0.992 0 1.335632584
0.0232486 -0.00667163 2 2 0 0 -1.315874886
-0.115132 -0.0150283 1 3 0 1 -1.315874886
0.0150037 -0.0111427 2 3 0 1 -0.252923496
-0.00479206 -0.018657 2 3 1 0 -0.822483165
0.0101389 -0.00708232 2 3 0 1 2.061242938
0.0430983 -0.00717561 2 3 0 0 -1.315874886
0.018135 0.00224366 1 3 0 0 -0.418008257
0.0287934 -0.0141842 1 3 0 1 -1.315874886
0.00537491 -0.0158436 1 3 0 1 -1.315874886
0.0210628 -0.0149243 2 3 0.997 0 0.30410557
-0.008578 -0.00913467 1 2 0 0 -0.189849369
-0.014063 -0.00687739 2 2 0 0 -0.794046131
0.0132472 -0.0148621 1 2 0 1 -1.315874886
0.0126887 -0.00645796 1 2 0 0 0.518760184
0.0280021 0.0826108 1 2 0.999 0 -0.739008559
0.0177362 -0.0165198 1 3 0 0 1.058804038
-0.00030214 -0.0187606 1 2 0 1 0.041036527
-0.000787637 -0.0134999 2 3 0 0 1.044539878
0.0193355 0.0123037 1 3 0 0 -0.605257097
0.0155503 -0.011017 2 3 0 0 -0.016410742
0.00131006 -0.00137167 2 2 0 0 1.398278472
0.00770478 -0.000978529 1 3 0 1 -0.082142306
0.0159696 -0.0199201 1 3 0 0 -1.315874886
0.0172332 -0.00849293 2 2 0.99 0 0.912126504
0.016245 -0.0186959 1 2 0 1 -0.094497983
0.0192053 -0.00960571 2 3 0 1 0.670632
0.00588136 -0.0158378 1 2 0 1 -0.834045545
0.0230847 -0.00242632 2 2 0 1 -0.777288559
0.0182095 7.95e-05 1 3 0.965 0 -0.041036527
-0.0203005 0.0155487 1 2 0 0 0.049249918
0.0117929 -0.0162724 2 3 0.973 0 -1.315874886
0.0283624 -0.0367463 2 2 0 0 0.299811706
0.0311803 -0.00652723 2 2 0 1 1.118151124
0.0239887 -0.0173716 1 3 0 0 1.420429034
0.0179594 0.342892 1 2 0 0 0.11512383
-0.0018048 0.137761 2 3 0 0 -0.495432867
0.0607696 0.00318251 1 2 0.966 1 -0.395725296
-0.0915633 0.0218347 1 2 0 1 0.194028142
-0.0241773 -0.0141968 1 2 0 0 0.110995022
0.0143309 -0.0166193 1 3 0 0 -1.315874886
0.0226033 -0.0145983 1 3 0 1 0.338666628
0.00948889 -0.00714762 2 3 0 0 0.696543732
0.0267874 0.019361 2 3 0 1 -1.315874886
0.0101815 -0.0173701 2 3 0.988 0 0.782849968
0.0227557 0.0102302 1 3 0.992 1 -0.630081029
0.011542 -0.0113783 2 3 0 0 0.615141105
0.0162378 -0.0150543 1 2 1 0 -1.315874886
0.0244519 -0.00204634 1 2 0 0 -1.315874886
-0.14181 -0.00924896 2 2 0 0 2.061242938
-0.07539 -0.00341576 1 2 0 0 0.286962867
0.0251513 -0.00248242 2 3 0.999 0 0.585663788
0.016278 0.00171862 1 3 1 0 0.834045545
0.0125579 0.0121313 1 2 0 1 -0.561483339
-0.000799944 -0.0167309 1 2 0 1 -0.717614378
