pc1	pc2	rsid.2.109558305.C.T.add	sex	totaldiarevent	bin.dia.dehyr	bin.dia.dys	bin.dia.pro
0.036642	-0.00937208	0	1	1	0	0	0
-0.0217537	-0.0230234	1	2	4	0	0	0
-0.00859294	-0.0182012	0.995	2	4	0	0	0
-0.0116978	-0.0119964	0	2	6	0	0	0
-0.0162959	-0.00780345	0	1	6	0	0	0
-0.0182041	-0.0217958	0.172	2	7	0	1	0
-0.014617	-0.00226818	1	1	8	0	0	0
0.0367555	-0.0105114	0	2	1	0	0	0
0.0871321	-0.00268059	0	2	18	0	1	0
-0.0163167	0.000720148	0	2	2	0	0	0
-0.0172316	-0.0144527	0	2	6	0	0	0
0.0355062	-0.00449574	0	1	5	0	0	0
-0.0191938	-0.00881446	0	2	1	0	0	0
-0.0292899	-0.028788	0	2	1	0	0	0
-0.0184178	-0.0143235	0	2	7	1	0	0
-0.0202751	-0.0171363	0	2	6	0	0	0
-0.0161219	-0.0113579	0	2	10	0	0	0
0.0260054	-0.00842246	0.989	2	6	1	0	0
-0.00752529	0.0138708	0	1	4	1	0	0
-0.0133465	0.00886294	0	1	2	0	0	0
0.0218095	-0.00227626	0.329	2	1	0	0	0
0.0966823	-0.00265796	0	1	5	0	1	0
0.00365278	0.00211469	0	2	3	0	0	0
0.0902859	-0.00810579	0	2	3	0	0	0
-0.0194236	-0.0155495	0	1	5	0	0	0
-0.0167731	-0.00597374	0	1	4	1	0	0
-0.0127825	0.0152854	1	1	6	0	0	0
0.00197595	0.00249177	0	1	7	0	0	0
-0.00562058	0.0160897	0	2	6	0	0	0
-0.0119811	0.0124324	0	2	7	1	1	0
0.0944338	0.00647797	0	2	4	0	0	0
0.00201338	0.0242798	0	1	2	1	0	0
0.0801644	0.000618309	0	2	1	0	0	0
-0.0113993	-0.0142421	1	1	6	0	1	0
0.0027405	-0.00117095	1	2	2	0	0	0
-0.0137547	-0.0046871	0	2	2	0	0	0
-0.0154319	0.00545674	0	1	2	0	0	0
0.0311714	0.00699231	0	2	3	1	0	0
0.0703241	0.0610299	0	2	1	0	0	0
-0.0209672	-0.020219	2	2	5	0	0	0
-0.0188523	-0.0174676	0	1	3	0	1	0
-0.0190047	-0.00994751	1	2	2	0	0	0
-0.0198332	-0.00461482	0.015	2	1	0	0	0
-0.01366	0.00432793	0	1	4	1	1	0
0.0255273	-0.0140147	0.998	1	3	0	0	1
-0.0100861	0.0222931	0	1	5	0	0	0
-0.0136518	0.00790806	0	2	4	1	0	0
-0.0170914	-0.0142945	0	2	6	0	1	0
-0.0117233	-0.0161039	0	2	3	1	0	0
-0.0102434	-0.0153422	0.241	1	1	0	0	0
-0.0158237	0.00238273	0	2	3	1	0	0
0.0863817	-0.0174133	0	1	4	0	0	0
-0.00869042	0.00809931	1	1	7	0	0	1
-0.0227873	-0.0198708	1	2	3	0	0	0
0.00762761	0.0147141	0	1	3	0	0	0
-0.0170047	0.00803497	0	1	5	0	0	0
-0.0145839	-0.0171813	0	2	6	0	0	0
-0.0136823	0.00243634	0	2	1	0	0	0
0.0103854	-0.00155646	0	1	4	0	0	0
0.0658941	-0.00644788	0	2	3	0	0	0
0.063947	-0.00342675	0	2	2	0	0	0
-0.0121899	0.00689634	0	2	3	0	0	0
-0.0129997	-0.00320211	0	1	NA	NA	0	0
-0.0208153	-0.0266022	0	1	4	0	1	0
-0.0109607	-0.00946593	0	1	4	0	0	0
-0.0102288	-0.0158274	0	2	7	0	0	0
-0.0265147	-0.0134503	0	2	4	0	0	0
-0.00406197	0.0399436	1	1	10	0	0	0
0.141864	-0.0122078	0.71	2	1	0	0	0
-0.0157692	0.0729237	0.999	1	NA	NA	0	0
0.0863798	5.59E-05	0	1	2	0	1	0
-0.0102334	0.0116601	0	1	4	1	0	0
0.0889878	-0.00523246	0	1	2	0	0	0
-0.00155986	0.0124301	0	2	NA	NA	0	0
0.0275826	-0.00329394	0	1	6	0	0	0
-0.00128799	-0.0168927	0	2	13	0	1	0
-0.0168795	-0.00342667	0.878	1	11	1	1	0
-0.015607	-0.00873433	0	1	1	0	0	0
-0.0156324	-0.0159218	0	2	10	0	0	0
-0.00766653	0.0164591	0	2	3	0	1	0
0.135893	-0.00510086	0	1	2	0	0	0
-0.0129775	-0.00129468	0.871	1	8	1	0	0
-0.00680551	0.00166084	1	1	6	0	0	0
0.0117348	0.171375	0	1	3	1	0	0
-0.00846842	-0.0172243	0	2	5	0	0	0
-0.0145583	-0.0239546	0	2	NA	NA	0	0
-0.0198675	-0.0224918	0	1	4	1	1	0
-0.0133097	-0.00568394	1.999	2	5	0	1	0
0.0256359	-0.00107579	0	1	3	0	1	0
-0.00959285	-0.0117694	0	1	5	0	0	0
0.0658022	0.00241582	0	2	1	0	0	0
-0.00117347	-0.0124098	0	2	3	0	0	0
0.141955	-0.000855499	0	2	4	1	0	0
-0.0025091	0.0605874	0	1	5	1	0	0
0.120803	-0.00620142	0	1	3	0	0	0
0.0703914	-0.00690942	1	2	2	0	0	0
-0.0089764	0.00684726	1	2	3	0	1	0
-0.0183138	-0.00953507	0.978	2	4	0	1	0
-0.0250824	-0.034133	0	2	3	1	0	0
0.0376086	0.00145261	1	2	1	0	0	0
-0.0174003	-0.00821282	0	1	NA	NA	0	0
0.0212305	0.0708021	0	1	2	0	1	0
-0.0267312	-0.0238263	1	1	NA	NA	0	0
-0.0186623	-0.0163074	0	1	7	0	0	0
-0.0162808	-0.0110592	0	2	6	0	0	0
-0.00388463	0.0135753	0	1	2	0	0	0
0.00619063	-0.00957195	0	1	3	0	0	0
-0.0118769	0.000339608	0	2	5	0	0	0
0.002271	-0.00527738	0	1	10	0	1	0
-0.0103973	0.00450719	0	1	3	0	0	0
0.00131964	0.132119	0	2	2	1	0	0
-0.0106468	0.00381498	0.001	2	4	1	0	0
-0.00884025	-0.00916171	0	1	2	0	0	0
-0.0150563	-0.00162325	1	2	4	0	0	0
-0.0166673	-0.00245264	0	2	9	0	1	0
-0.013624	0.0080378	0	2	NA	NA	0	0
0.125972	-0.00586575	0.978	1	3	0	0	0
0.00146928	-0.0446396	0	2	5	0	0	0
-0.013742	-0.00578392	0	1	8	0	0	0
-0.0135588	0.0863826	0	1	6	0	1	0
-0.000803975	-0.0152973	0	1	4	1	0	0
-0.019428	-0.0235039	0	1	4	0	1	0
-0.0186881	-0.00814696	0.993	1	1	0	0	0
-0.0189416	-0.0436643	0	1	5	0	0	0
-0.0152644	-0.0145854	0	1	3	0	1	0
-0.0213421	-0.0191215	0	2	3	0	0	0
0.0434075	-0.00376898	1	1	4	1	0	0
-0.0159335	-0.00450681	0	1	3	0	0	0
-0.0197549	-0.0148331	0	2	2	0	0	0
-0.0083212	0.010215	0	2	NA	NA	0	0
-0.0134394	-0.0159134	0	2	2	0	0	0
-0.0172457	-0.022201	0	1	3	0	0	0
-0.0159149	-0.0192189	0	2	3	0	0	0
-0.0115522	-0.0155766	0	2	2	0	0	0
-0.00972508	-0.00674476	0	1	5	0	0	0
-0.0220229	-0.0221007	1	2	4	0	0	0
0.0885344	-0.0156075	0.996	1	2	0	0	0
-0.0283477	-0.039652	1	2	1	0	0	0
-0.011759	-0.00542193	1	2	3	0	0	0
-0.0154166	0.0358711	0	1	3	0	0	0
0.00274537	-0.00683862	0	1	5	1	1	0
-0.00783587	0.0256246	0	1	1	0	1	0
-0.0133002	0.0252747	0	1	5	1	0	0
0.0216814	-0.0085703	0	2	6	0	0	0
-0.0155257	0.00188337	0.995	1	8	0	1	0
-0.0150952	0.00250435	0	2	1	0	0	0
-0.00484069	0.031496	0	1	1	1	0	0
-0.0143554	-0.00196296	1.988	1	8	0	1	0
0.0125843	0.0227992	0	1	3	1	0	0
-0.00929517	0.0717156	0	1	3	0	0	0
0.0019776	-0.0164483	0	1	9	0	1	0
-0.00442079	-0.00800344	0	1	NA	NA	0	0
-0.0180761	-0.00354148	0	2	NA	NA	0	0
-0.0108592	0.0094025	0	2	4	1	0	0
0.0410166	-0.00451427	0	1	6	0	1	0
0.00493379	-0.0115238	1	1	3	0	0	0
0.00596946	-0.0098465	0	2	3	0	0	0
-0.0108435	0.00130424	0	2	8	1	0	0
0.0238355	-0.0137885	0	1	NA	NA	0	0
-0.0237158	-0.0458723	0	2	2	0	0	0
-0.00657485	-0.0131406	1	2	2	0	0	0
-0.014892	0.00340673	0	2	2	0	0	0
-0.0137138	-0.00502041	0.013	2	3	0	0	0
0.0793644	-0.0103781	1	2	5	0	0	0
-0.0190752	-0.000853253	0	1	2	0	0	0
-0.0135822	0.00721168	0	1	5	1	0	0
-0.0100297	-0.0182612	0	1	5	1	0	0
-0.0113359	-0.00891238	0.997	1	6	0	0	0
-0.0147411	0.000963308	0	1	10	0	1	0
-0.0102652	0.00159709	1	1	3	0	0	0
-0.0124524	0.00342472	0	1	4	0	1	0
0.0044715	0.0272409	0	1	NA	NA	0	0
-0.00651366	-0.00696454	1	2	3	1	1	0
-0.0141159	0.00647395	0	1	1	0	0	0
-0.0111958	0.00900791	0.031	2	6	0	0	0
0.0367466	-0.00314342	0	1	3	0	0	0
-0.0169471	-0.00738642	0	2	2	0	1	0
-0.0176735	-0.0147498	0	1	10	1	0	0
-0.00389451	0.032275	0	1	6	0	0	0
-0.0033551	0.0136348	0	2	2	0	0	0
-0.0209563	-0.0180022	0.546	1	5	1	0	0
-0.0137676	-0.0053257	1	1	NA	NA	0	0
0.0982938	0.00285892	0	2	9	1	1	0
-0.0191912	-0.0223244	0	1	2	0	0	0
0.00187015	-0.00136486	1	2	4	0	0	0
-0.00676352	-0.0159488	0	1	3	0	0	0
-0.0119	0.0183099	0.989	2	3	1	1	0
-0.00490704	0.0184813	0.989	1	2	0	0	0
0.00357179	0.00756952	0	2	2	0	0	0
-0.00566415	-0.00171622	0.09	2	5	0	0	0
-0.00757059	0.0820841	0	2	13	0	0	1
-0.020208	-0.0196596	0	1	1	0	0	0
-0.0229943	-0.0153603	0	2	6	0	1	0
-0.0136618	0.00763078	0	2	NA	NA	0	0
-0.0103692	0.0011816	0	1	4	0	0	0
-0.012719	-0.0130348	0.977	1	6	0	1	0
0.00692476	-0.00128526	1	2	2	0	0	0
-0.00358681	-0.0125467	1	1	1	0	0	0
-0.0135007	0.00666951	0	1	NA	NA	0	0
0.0360573	-0.00477567	0	1	3	0	0	0
-0.0113101	0.00736482	0	2	3	0	1	0
-0.012021	-0.0159814	0	2	12	0	1	0
-0.0190187	-0.00928974	0	1	3	1	0	0
-0.0167821	-0.0237422	0	2	4	0	0	0
-0.00302243	0.0917133	0	1	3	0	0	0
-0.0218307	-0.0192618	0	1	4	0	0	0
-0.00774766	-0.0160948	0	1	1	0	0	0
-0.00717142	0.0038435	0	1	10	1	0	0
0.0560496	-0.0068492	0.996	2	4	0	0	0
-0.0136292	-0.00164239	0	2	5	1	1	0
-0.00560377	0.0210809	1.191	2	2	0	0	0
-0.00721988	-0.00348726	0	1	4	0	0	0
-0.0156066	-0.0182911	0.518	1	6	0	0	0
0.0440655	-0.00537291	0	1	6	0	1	0
-0.0135119	-0.00906616	0	1	5	0	0	0
0.00683547	0.134126	1	1	1	0	1	0
0.00948638	-0.00842873	0	2	1	0	0	0
-0.00788773	0.0226768	1	1	2	0	0	0
-0.0186226	-0.0111907	0	1	2	0	0	0
-0.0137141	-0.00227208	0	2	3	0	0	0
-0.014693	0.0118267	1.011	2	4	1	0	0
-0.0112532	-0.00458084	0	1	1	1	0	0
-0.00873859	0.0051689	0	2	7	0	0	0
-0.00980731	-0.0114276	0.528	2	4	0	0	0
-0.0237269	-0.0165625	0	1	7	1	0	0
0.00315312	-0.0175645	0	1	2	0	0	0
-0.0209054	-0.0122754	0	1	3	0	0	0
-0.000211926	0.0245111	0	1	8	0	0	0
0.131091	-0.0119335	0	1	6	1	0	1
-0.0228755	-0.0184398	0	1	5	1	0	0
0.0352394	0.0244977	0	1	2	0	0	0
-0.0071283	0.0123673	0	2	2	0	0	0
0.047705	0.0499388	0	1	5	0	0	0
-0.0174681	-0.0141663	1.999	1	NA	NA	0	0
0.00103735	0.000471916	2	2	3	0	1	0
-0.0191372	-0.0220956	0	1	5	0	0	0
-0.0114056	0.000214914	0	2	9	1	0	0
-0.0126773	0.0249232	1	2	2	0	0	0
0.0337865	0.0084856	0	1	3	0	0	0
-0.0148751	0.000489898	0	2	2	0	0	0
-0.00948344	0.00381892	0	2	2	0	0	0
-0.0228934	-0.0160287	1	2	1	0	0	0
-0.016298	0.0229611	0	1	8	1	0	0
0.0335669	0.00237865	0	1	1	0	0	0
-0.00816328	0.00011689	0	1	2	0	0	0
-0.0188792	-0.0219449	0	1	2	0	0	0
-0.0389898	-0.0661021	0.104	1	3	0	0	0
-0.0113944	-0.00526907	0	1	11	0	0	0
-0.0195599	-0.0135501	0	1	4	0	0	0
-0.013729	-0.0133107	2	2	3	0	0	0
-0.0153665	0.086356	0.884	1	1	0	0	0
-0.0173781	-0.0175093	1	2	3	1	0	0
-0.0105487	-0.0181015	0	2	3	1	0	0
-0.0187691	-0.0107818	0	2	3	0	0	0
0.133021	-0.00928883	0.974	2	9	0	1	0
-0.0146398	0.00358976	1	1	9	0	0	0
0.0629712	-0.00408764	0	1	4	0	0	0
-0.0253017	-0.0316481	0	1	3	0	0	0
-0.00606033	-0.0128997	1	1	4	0	1	0
0.0225293	-0.00376484	1	1	2	0	1	0
-0.0123676	0.00750325	0	2	1	0	0	0
0.00200172	-0.0126806	0	1	4	0	0	0
-0.00992663	0.027228	1	1	NA	NA	0	0
-0.0102168	0.00903646	0	1	1	0	0	0
-0.0132847	0.0124059	0.115	2	2	0	0	0
-0.0232355	-0.0173133	1	2	5	0	0	0
0.0713133	-0.0171546	0	2	8	1	0	1
0.0185779	0.0354097	0	1	1	0	0	0
-0.0174207	-0.000222473	0	1	5	1	1	1
-0.0110318	0.000173063	1.012	1	4	0	0	0
0.00178147	0.0411957	0	2	7	0	0	0
-0.0230977	-0.0189424	0	2	3	0	0	0
-0.0198555	-0.0139609	0	2	4	0	0	0
-0.00442589	-0.0126299	0	2	5	0	0	0
0.00297989	-0.0134781	0	1	2	0	0	0
0.0354641	-0.0103882	0.581	2	6	1	0	0
0.0212622	-0.00709859	0	1	4	0	0	0
0.0219768	0.0168219	0	2	1	0	0	0
0.00229139	-0.000410554	0	1	NA	NA	0	0
0.0967091	-0.0170297	1	1	3	0	0	0
-0.00901193	0.0181664	0	1	4	1	0	0
-0.0181287	-0.0198558	0.13	2	1	0	0	0
-0.00792271	0.00127841	0	1	4	0	0	0
-0.0221394	-0.0347083	0	1	17	0	0	0
0.0930446	-0.0218417	0	1	6	0	0	0
-0.018675	-0.0215869	0	1	5	0	0	0
-0.0161871	-0.00910094	1	1	4	0	1	0
-0.0148444	-0.00059256	0	2	2	0	0	0
-0.00252375	0.00836072	0	1	4	0	1	0
-0.0165304	0.038274	0	1	6	0	0	0
-0.00417173	-0.0155347	0	1	2	0	0	0
-0.0256923	-0.021142	0	2	2	0	0	0
-0.0147076	-0.0153069	0.125	1	3	0	0	1
-0.0213224	-0.0211091	0.062	1	3	0	0	0
0.000289	0.0200504	1	1	9	0	0	0
-0.00952681	0.0204211	0	1	8	1	0	0
-0.0213803	0.0286663	0	2	2	0	0	0
-0.00904573	-0.0140531	0	2	3	0	0	0
0.142529	-0.00348906	0	1	3	1	0	0
-0.00223416	0.0432066	0	2	3	1	0	0
-0.0160755	-0.013441	1	1	5	0	0	0
-0.0105692	-0.0186381	0	1	5	0	0	0
-0.00551114	0.0371717	0	1	1	0	1	0
-0.0162381	-0.00578645	0.999	2	2	0	0	0
-0.0164449	-0.0168937	0	2	NA	NA	0	0
-0.0093179	-0.0193701	0	1	6	0	0	0
-0.021811	-0.0519894	1	1	3	0	0	0
-0.0196684	0.0848878	0	2	14	0	1	0
0.0426922	-0.00556701	0	1	9	0	0	0
0.00462538	-0.00989253	0	2	3	0	0	0
0.0346198	-0.00682943	0	2	1	0	0	0
-0.0142736	0.0137287	0	1	3	0	0	0
-0.0171696	-0.0106777	0	1	4	0	0	0
-0.0215845	-0.0107834	0	1	5	0	1	0
-0.0098046	-0.00218273	0	2	5	0	0	0
-0.0165498	-0.00360946	1	2	10	0	0	0
-0.022192	-0.0200369	1	1	4	0	0	0
-0.0154035	-0.0164905	0	2	1	0	0	0
-0.0121261	-0.000635545	0	2	4	0	0	0
-0.00944191	-0.00980087	1	1	1	0	0	0
-0.0176773	-0.0148818	0	1	1	1	0	0
-0.00592473	0.00209221	0	2	3	0	0	0
-0.0171354	-0.00701299	0	2	4	0	0	0
0.00270252	0.00263424	1	1	4	0	0	0
-0.00815575	0.0157351	0	2	7	1	1	0
0.0198639	0.0166729	0	2	2	0	0	0
-0.0165833	-0.01992	0	1	1	0	0	0
-0.0129494	-0.0191507	0	1	4	0	0	0
-0.0207499	-0.00493135	0	2	3	0	0	0
0.00569886	-0.0160076	0	1	6	0	0	0
-0.0282013	-0.041636	0	1	2	0	0	0
-0.0209028	-0.0201981	0	2	NA	NA	0	0
0.00796738	-0.0124642	0	1	8	0	0	0
-0.0111922	0.0226768	1	1	6	0	0	0
-0.00645954	0.00926363	0	2	1	0	0	0
-0.018526	-0.015366	0	1	NA	NA	0	0
0.0425407	-0.00723418	0	1	2	0	0	0
-0.0154374	-0.00910492	0	2	1	0	0	0
-0.0207845	-0.0168334	1	1	1	0	0	0
-0.0237936	-0.013133	0	1	10	0	1	0
-0.00729167	0.00382382	0	1	1	0	1	0
-0.0190162	0.00265284	0	1	2	1	0	0
0.102723	-0.0140892	0	2	4	0	0	0
0.00295467	-0.0236724	0	1	11	1	0	0
-0.01502	-0.0114491	0	1	7	0	1	0
-0.0217174	-0.0183769	1	2	8	0	0	0
-0.0195332	-0.0140585	0	2	3	0	0	0
-0.0125271	0.00779383	0	1	7	1	0	0
0.109882	-0.0220407	0	2	3	0	0	0
-0.0178611	0.00150956	0.999	2	5	0	0	0
-0.0184942	-0.00761583	0	1	18	1	0	0
-0.0152185	-0.00316633	1	1	4	0	0	0
-0.00517394	-0.0132224	0	2	3	0	0	0
-0.00863486	0.0229992	0	2	6	0	1	0
0.0117078	-0.0113969	0	2	5	1	0	0
0.0025573	-0.0130213	0	1	2	0	0	0
-0.0201164	-0.0164779	0	2	NA	NA	0	0
0.0281476	0.0154426	0.995	2	3	0	0	0
-0.0101621	0.0101354	1	2	4	0	0	0
0.0851177	-0.00269019	0.119	2	3	0	0	0
-0.0196868	-0.0265691	0	2	NA	NA	0	0
-0.0138886	-0.00794689	0	1	3	0	0	0
-0.0210036	-0.0232445	0	2	13	0	1	0
-0.0341469	-0.062212	0.853	1	3	0	0	0
-0.0147065	-0.0185951	0.201	1	3	0	0	0
-0.00763607	-0.0026856	0	1	NA	NA	0	0
-0.0220656	-0.0203314	0	1	4	0	0	1
-0.00490497	0.00273848	0	1	6	0	1	0
-0.0102914	0.0042696	0	2	6	0	0	0
-0.0140681	-0.017966	0	1	2	0	0	0
-0.0149113	-0.011706	0	2	2	0	1	0
0.00480103	0.00999949	1	2	3	0	0	0
-0.0224398	-0.0153243	0	2	1	0	0	0
0.142265	0.00550912	0	2	NA	NA	0	0
0.00654274	0.00138487	1	2	5	0	0	0
-0.0187191	-0.0189777	0	2	2	0	0	0
0.00899636	-0.0151647	1	2	2	0	0	0
-0.0188441	-0.0176859	0	1	NA	NA	0	0
-0.017058	-0.0104746	2	2	4	0	0	0
0.00598081	-0.0141464	0	1	2	0	1	0
0.0474114	0.0192605	0	2	1	0	0	0
-0.00209817	0.0319564	0	1	9	0	0	0
0.00957639	-0.0076663	0	1	2	0	0	0
0.00920149	0.00295855	0	2	12	0	1	0
-0.0214584	-0.0181384	0	1	7	0	0	1
-0.0176779	0.00609162	0.944	2	3	0	0	0
-0.0169307	-0.0191624	0	2	1	0	0	0
0.00103472	0.0195979	0.057	1	3	0	0	0
0.130371	-0.013457	0	2	11	1	1	0
0.00685466	-0.0118777	0	2	4	0	0	0
-0.00807	-0.000991047	0.241	2	NA	NA	0	0
-0.00789491	0.0119142	0	1	3	0	0	0
0.0688954	-0.024594	0	2	5	0	1	0
0.00208211	-0.000437362	0	1	14	0	0	0
0.0910379	0.000803894	0.998	2	6	0	1	0
-0.0105223	0.0116421	0	2	4	0	0	0
-0.0119036	0.0224389	0	2	NA	NA	0	0
-0.0210967	-0.0172512	1	2	4	0	0	0
0.00397593	0.149188	0	1	1	0	0	0
-0.0136977	-0.0211108	0	1	4	0	1	0
-0.0128695	-0.0230562	0	1	3	0	1	0
-0.000109194	-0.0142353	0	1	2	0	0	0
-0.00297554	0.0283149	0	1	3	0	0	0
-0.0144146	-0.00386455	0	2	2	0	1	0
0.0182831	-0.0123731	0	2	4	0	1	0
-0.0158365	-0.0110355	0	1	2	0	0	0
-0.0206005	-0.0153094	0	1	4	0	0	0
-0.0181849	0.0585034	0	1	6	1	0	0
0.0164819	-0.00609601	0	2	2	0	0	0
-0.0199761	-0.0290393	1	2	1	1	0	0
0.0506161	-0.00422577	0	2	2	0	0	0
-0.0140379	0.0201206	0	2	2	0	0	0
-0.0106501	0.0122277	0	1	6	1	1	0
-0.0225964	-0.0173507	0	2	1	0	1	0
-0.00814817	0.0282918	0	1	6	0	0	0
-0.0109009	0.0179548	1	1	4	0	0	0
-0.0111732	0.008535	0	2	7	0	0	0
-0.00993136	-0.0199015	0	1	8	1	0	0
-0.0134447	0.00156056	0	1	3	0	0	0
-0.0119616	-0.00653031	0	1	3	0	1	0
-0.00483258	-0.023913	0	2	2	0	0	0
-0.012889	0.0112124	2	2	4	0	0	0
-0.0102442	0.035209	0	1	6	0	0	0
-0.00223496	-0.00607426	0	2	12	0	1	0
-0.0180382	-0.0164945	0	1	8	0	0	0
-0.0144755	-0.0172454	0.997	1	1	0	0	0
-0.0131987	-0.00232788	0	2	NA	NA	0	0
0.013976	-0.0116889	1	2	2	0	0	0
-0.0135569	-0.0154614	0.999	2	3	0	0	0
-0.0123081	0.0498015	1	2	6	0	0	0
-0.0101938	-0.000197404	0	2	3	0	0	0
-0.00768706	0.0269355	0	1	3	0	0	0
-0.0218742	-0.0200481	0.739	1	NA	NA	0	0
-0.000323008	-0.00654741	0	1	5	0	0	0
-0.00889404	-0.0163017	0	1	7	0	0	0
-0.0117044	-0.00251438	0	2	2	0	0	0
-0.03542	-0.0507543	0	2	7	0	0	0
-0.0102789	-0.0178444	0	2	1	0	0	0
-0.0220977	-0.0223654	1	2	2	0	0	0
-0.0212469	-0.0137338	0	2	8	0	0	0
-0.0206239	-0.0136292	0.108	2	1	0	0	0
0.102379	0.00455815	0	1	3	0	0	0
-0.017078	-0.0166795	0	1	2	0	0	0
0.00136691	-0.00592673	0	2	NA	NA	0	0
0.117276	-0.0060919	0.999	2	5	0	1	0
-0.00123634	0.0656791	0.999	1	4	1	0	0
-0.012777	0.0114462	0	1	3	0	0	0
-0.0196395	-0.0104481	0	2	4	0	0	0
-0.0118718	0.0276786	0.001	1	4	0	0	0
0.0698174	-0.0155976	0	1	4	0	1	0
-0.00575494	-0.0169694	0	2	7	0	0	0
-0.0156487	-0.00319914	0	2	6	1	0	0
0.115351	0.0087126	0	2	NA	NA	0	0
-0.0135637	-0.0186956	1.023	1	2	0	0	0
-0.00589053	0.00128038	1	1	1	0	0	0
0.0849507	0.0024545	0	1	3	0	0	0
-0.0187197	-0.0176281	0	1	7	0	0	0
-0.00990913	0.00200765	0	1	2	0	0	0
-0.0161273	0.0629068	1	2	1	0	0	0
0.000164834	0.0588857	0	2	2	0	0	0
-0.0174562	-0.0113839	0.51	1	8	1	0	0
-0.0138584	-0.0194974	0	2	NA	NA	0	0
0.0500636	-0.0192585	0.001	2	2	0	0	0
-0.0185245	-0.00682404	0	1	1	0	0	0
0.0153456	-0.00997336	1	2	9	0	1	0
-0.0163454	-0.0138855	1	2	2	0	0	0
-0.0151976	-0.0216309	1	2	2	1	0	0
-0.0329135	-0.0490736	0	1	3	0	0	0
0.00227084	0.0279516	0.141	2	2	0	0	0
0.0093877	-0.00395343	1.801	2	5	0	0	0
-0.00345964	0.0220055	0	2	NA	NA	0	0
0.00213014	-0.0410809	1	2	5	0	0	0
-0.0123974	0.00791348	0	2	3	0	0	0
-0.0132234	-0.0212838	0	2	6	0	1	0
-0.014466	0.00254881	0.022	1	2	0	0	0
-0.00821546	0.00580396	0	1	NA	NA	0	0
-0.0131582	-0.0124163	0	1	NA	NA	0	0
-0.0206121	-0.00309731	0.774	2	3	0	0	0
-0.0113768	0.0157021	0	2	8	0	1	0
-0.0211304	-0.0199191	0	1	3	0	0	0
-0.000431335	-0.000106149	1	1	5	0	0	0
-0.00860266	-0.0142768	1	1	5	0	0	0
-0.00876647	0.0203632	1	2	3	0	0	0
-0.0131326	-0.00957087	0	2	2	0	0	0
0.0797511	-0.0211666	0	2	7	0	0	0
0.0429023	-0.00353141	0	1	1	1	0	0
-0.0202747	-0.0205697	0	2	4	1	0	0
-0.0217733	-0.0213646	1	2	2	1	0	0
0.105066	0.00674703	0	1	3	1	0	0
0.0135699	0.0482423	0	1	NA	NA	0	0
-0.0150901	0.0103692	0	1	3	0	0	0
-0.0208912	-0.00721764	0.014	2	3	0	0	0
0.0344074	-0.00699813	1	1	NA	NA	0	0
-0.00995787	0.0184156	0	1	NA	NA	0	0
-0.00435185	0.0232934	0	1	3	0	0	0
0.0932467	-0.019636	0	1	5	0	0	0
-0.0173232	-0.00310932	0	2	1	0	0	0
-0.0112207	0.00551891	0.996	2	3	0	0	0
0.0212783	-0.00263138	1.179	1	5	0	1	0
-0.0238536	-0.0153081	1	2	7	0	0	0
0.0181087	0.0117651	0.017	1	7	0	0	0
-0.0193338	-0.0182114	1	2	1	0	0	0
-0.0140381	-0.000961584	0	1	NA	NA	0	0
-0.0186062	-0.0152459	1	1	6	0	1	0
0.0407203	-0.00853839	1	1	2	0	0	0
-0.018117	-0.0196399	1	1	2	0	0	0
-0.00363173	-0.0165225	0	1	NA	NA	0	0
-0.0208475	-0.0159592	0	2	3	0	0	0
0.00443967	0.0276319	1	1	NA	NA	0	0
-0.00939329	-0.0128791	0	2	2	0	0	0
-0.0100972	-0.00670796	0.993	2	5	0	0	0
-0.0187207	-0.0165819	0.992	2	11	0	1	0
-0.0106406	-0.020988	0	2	4	0	1	0
-0.0235724	-0.0229875	0	1	3	0	0	0
0.0156448	-0.00938457	0	2	10	0	1	0
-0.00734333	0.0438007	0	1	2	0	1	0
-0.0215436	-0.0258063	0.884	1	3	0	0	0
0.094199	0.0105784	0	2	2	0	1	0
-0.0302493	-0.0225549	1	1	2	0	0	0
0.00872559	0.02572	0.988	2	4	0	1	0
0.0589725	0.00291235	0	2	1	0	0	0
-0.0270741	-0.0284478	0	1	14	1	1	0
-0.00835072	-0.0177545	0	1	1	0	0	0
0.0251923	0.0152972	0	1	4	0	0	0
-0.0216483	-0.0223166	0.187	1	5	1	0	0
-0.0166967	-0.0190371	0	1	4	0	0	0
-0.0161273	-0.018982	0	1	2	0	1	0
-0.0141915	-0.00145427	0	2	3	0	0	0
0.10229	-0.0144827	1	1	6	0	0	0
-0.0169446	-0.0162902	0	2	2	0	0	0
-0.0144241	0.00901983	0.021	1	7	0	0	0
0.020893	0.00889566	0	1	4	1	1	0
-0.0278169	-0.052834	0	2	2	0	0	0
-0.0117195	0.00140228	0	1	2	0	1	0
-0.0176543	0.00467991	0	1	4	1	0	0
-0.0159321	-0.0135527	0	2	3	0	0	0
-0.0104432	-0.00719396	0	2	2	0	1	0
0.0564809	-0.0161594	0.204	1	2	0	0	0
-0.0195378	-0.0211639	0	1	2	0	0	0
-0.0286182	-0.0258372	0	1	6	0	0	0
-0.018469	0.00522008	0	2	4	0	0	0
0.0174778	-0.00825768	0	1	2	1	0	0
-0.00784651	-0.00420261	0	1	4	0	0	0
-0.0200088	-0.0104523	1	1	6	0	0	0
-0.00107818	-0.0180445	0	1	2	0	0	0
0.0116554	-0.014105	0	1	4	0	0	0
-0.0130621	-0.0121176	1	1	5	0	0	0
-0.0116817	-0.00405728	0	1	1	0	0	0
-0.0151296	-0.00731591	1	1	3	0	0	0
-0.00724934	0.0162662	0	2	7	1	1	0
0.0235424	-0.0154655	0	2	NA	NA	0	0
-0.0181472	-0.0137314	0	2	6	1	0	0
0.0470352	0.00102385	0	1	3	0	0	0
-0.00766848	0.00821579	0	2	1	0	0	0
-0.0166744	0.0112861	0	2	4	1	0	0
-0.00501514	-0.0132554	0	2	3	0	0	0
-0.0142475	-0.0115032	0.969	1	2	0	1	0
-0.00541471	0.00205901	0	2	3	0	1	0
0.0885873	-0.00546302	0.034	2	2	0	0	0
-0.00963204	0.0341662	0	1	NA	NA	0	0
-0.024897	-0.0219131	1	2	4	0	0	0
-0.0161885	-0.0176012	0.873	1	NA	NA	0	0
-0.00550571	-0.00710176	0	1	7	1	0	1
-0.0135508	0.0386638	0	2	5	0	0	0
-0.0180018	-0.0163381	1	1	6	0	0	0
0.138291	-0.00229184	0	1	3	0	0	0
-0.0154987	-0.0138761	0	1	5	0	1	0
-0.00571356	-0.00304352	0	2	3	0	0	0
-0.0154599	-0.0202187	0	1	4	0	0	0
0.00520957	-0.00903907	0	2	6	1	1	0
0.139103	0.0037519	0	1	5	0	0	0
0.0114309	-0.00571844	0.997	2	3	1	0	0
-0.0151792	-0.0146479	0	1	3	0	0	0
-0.0188335	0.00346628	0	2	6	0	0	0
0.00678702	0.0227409	0	1	1	0	0	0
-0.0147197	-0.00388754	0	2	5	1	1	0
-0.00790333	0.00786284	0.997	2	3	1	0	0
-0.0134836	0.0154122	0	1	7	1	1	0
-0.0193539	0.0980528	0	2	5	0	0	0
-0.0101962	0.0262775	0	2	2	0	0	0
0.0715979	-0.0104991	1	2	5	0	0	0
-0.0120326	0.0073311	0	1	1	0	0	0
-0.0174784	-0.0176865	0	2	9	1	1	0
0.0545705	-0.0036508	1	1	5	0	0	0
-0.015037	-0.00947748	0	1	7	0	1	0
-0.0124285	-0.00405606	0	1	4	0	0	0
-0.0075243	0.0149653	1	1	2	0	0	0
-0.0233333	0.0132811	0	1	4	0	1	0
-0.015425	-0.0206663	0	2	3	0	0	0
0.102542	-0.0147856	0	2	3	1	0	0
-0.0229973	-0.0213852	0	1	1	0	0	0
0.0869736	0.00715043	0	2	3	0	0	0
-0.0160034	-0.00111568	0	2	1	0	0	0
-0.00570635	-0.00437955	0	2	1	0	0	0
-0.0224285	-0.00588748	0	1	3	1	0	0
0.0713832	-0.0140388	0	1	NA	NA	0	0
-0.0011645	0.0294015	0	1	2	0	0	0
0.13811	-0.00595917	0	2	3	0	0	0
-0.0162427	-0.0159484	0	2	1	0	0	0
-0.0270195	-0.0423553	1	1	6	0	1	1
0.108006	-0.0170255	0.997	1	3	0	0	0
-0.0122928	0.00598397	0	2	3	0	1	0
-0.00370911	0.0342983	0	1	NA	NA	0	0
0.106835	-0.00767948	0	1	7	0	0	0
0.119803	-0.0222855	0	1	2	0	0	0
-0.0202541	-0.0212059	0	1	NA	NA	0	0
-0.0161181	-0.0211463	0	2	6	0	0	0
-0.0167052	0.0071269	0	1	2	0	0	0
-0.0203269	-0.0143504	1	2	2	0	0	0
-0.0237664	-0.023179	1	1	NA	NA	0	0
-0.0114073	-0.0108977	0.999	1	7	0	0	0
0.0289759	0.0266915	0	1	2	0	0	0
-0.0135088	0.0934032	0.999	1	NA	NA	0	0
-0.0154826	-0.00910373	0	2	3	0	0	0
-0.0206319	0.000245932	1.995	2	6	0	0	0
-0.011814	0.026816	0.994	2	5	0	0	0
0.00697352	-0.00435693	0	1	3	0	0	0
-0.00984579	0.0156547	0.025	2	1	1	0	0
-0.0200046	-0.0157505	0	1	3	0	0	0
-0.0227681	-0.0193249	0	1	4	0	0	0
-0.026859	-0.0523274	0	1	8	0	0	0
-0.0116919	-0.0197393	0	2	3	0	0	0
-0.0208304	-0.0194794	0	1	4	0	0	0
0.004932	0.0111077	0	2	3	0	0	0
-0.0136413	-0.0206171	0	1	4	0	0	0
-0.0222606	-0.0201289	1	2	2	0	0	0
-0.0107709	0.0838827	0	1	7	1	0	0
0.0457872	0.0761859	0.01	2	6	0	0	0
-0.0225144	-0.0215634	0.232	1	2	0	0	0
-0.0214738	-0.0238702	0	2	1	0	0	0
-0.0139659	0.00468869	0	2	6	0	0	0
-0.0424319	-0.0672152	0	2	4	0	0	0
0.136245	4.03E-05	0	1	2	0	0	0
-0.00614207	0.0190366	1.993	2	1	0	0	0
-0.0167683	-0.0154788	0	1	1	0	0	0
-0.0187065	-0.019061	1	1	2	0	0	0
-0.000243697	0.00119925	1	2	9	0	1	0
-0.0128882	-0.00188829	1	1	2	0	0	0
0.0194103	-0.0288092	0	1	1	0	0	0
-0.00774265	0.0212891	0	1	9	0	0	0
-0.0155314	-0.00608607	0	2	3	0	1	0
0.0228516	0.00502448	0	1	7	0	0	0
-0.02088	-0.0124866	0	1	5	1	0	0
-0.01458	-0.001564	0	1	7	0	0	0
-0.00926916	0.0291878	0	2	3	0	0	0
-0.0157303	-0.0058502	1	2	6	0	0	0
-0.0140734	-0.00488944	0	1	6	0	0	0
-0.0239657	-0.0137141	0	1	2	0	1	0
-0.0167555	0.00921362	0	2	4	1	0	0
-0.0209689	-0.0190418	0.999	1	1	0	0	0
0.0159871	0.0135851	1	1	14	0	1	0
-0.00653314	-0.0128543	1	1	9	1	0	0
-0.0146286	-0.00165786	0	2	4	0	0	0
-0.0120944	0.0187687	0	2	1	0	0	0
-0.0225142	-0.0183707	0	2	NA	NA	0	0
0.0387548	-0.0090881	0	2	2	0	0	0
0.0736233	-0.0116041	0	2	5	0	0	0
0.00551665	-0.00782153	0	2	NA	NA	0	0
0.0390292	-0.00627878	1	1	4	1	0	0
-0.0175195	-0.00676469	0.994	2	1	0	0	0
-0.00501591	0.0162863	0	2	6	1	0	0
-0.0108352	0.0245467	0	2	6	0	0	0
-0.018669	-0.00907035	1	2	1	0	0	0
0.00521785	0.0323339	0.999	2	5	0	1	0
-0.019978	-0.0217282	1	1	2	0	0	0
-0.01703	-0.0270751	0	2	3	0	0	0
-0.0186786	-0.0200456	1	1	4	0	0	0
0.00979444	-0.0129484	1	2	2	0	0	0
0.0503981	-0.0157886	0	2	5	0	0	0
-0.0204712	-0.0211505	0	2	2	1	0	0
-0.0184982	-0.0172587	1	1	10	0	0	0
-0.0144897	-0.014069	1	2	3	0	0	0
-0.00860961	0.0177026	1	2	1	0	0	0
-0.00338482	-0.0154547	0	2	3	0	0	0
-0.0172044	-0.0131149	0	2	NA	NA	0	0
0.0149381	-0.010986	1	2	5	0	0	0
-0.0182128	-0.00712348	0	2	6	0	1	0
-0.0208103	-0.025976	0	1	1	0	0	0
-0.0057193	0.024853	0	1	5	0	0	0
-0.0203814	-0.0135895	1	1	5	0	1	0
-0.0145157	0.00357503	0	2	2	0	0	0
-0.011701	0.0162828	0	1	6	0	0	0
-0.00495033	-0.00404462	0	1	3	0	0	0
-0.0150726	-0.00150099	0	2	2	0	0	0
-0.021594	-0.0158336	0	2	1	0	0	0
-0.0145961	0.0120417	0	2	1	0	0	1
0.00449559	-0.0303463	0	2	6	0	0	0
0.00579638	-0.00412846	0	2	10	0	0	0
-0.0107604	0.0231259	0	2	7	0	0	0
0.0294606	-0.00294673	0	1	1	0	0	0
-0.00660308	0.04067	0	2	11	0	0	0
0.0335624	-0.00460674	0.235	1	1	0	0	0
0.04005	-0.00868954	0	2	4	1	0	0
-0.0170121	0.00140724	0	2	1	0	0	0
0.0166121	-0.017843	0	1	9	0	0	0
-0.00513343	0.000940717	0	2	2	0	0	0
-0.0202072	-0.0188844	0	2	2	0	0	0
-0.0197535	-0.0136114	1	1	NA	NA	0	0
-0.0159783	0.00713393	1	1	3	0	0	0
-0.0157365	-0.00965655	0	2	2	1	0	0
0.0522933	-0.00331766	0	2	7	0	1	0
0.119291	-0.0192748	0	2	1	1	0	0
0.0100012	0.191255	0	1	2	0	0	0
-0.0188649	-0.0179202	0	2	1	0	0	0
-0.002833	-0.0147068	1	2	3	0	0	1
-0.0130043	0.007194	0	1	1	0	0	0
-0.0160993	-0.0092967	0	2	1	0	0	0
-0.0103273	0.0127424	0	2	NA	NA	0	0
-0.0104391	0.0112785	0.099	1	NA	NA	0	0
-0.00426589	0.00985873	1	2	2	0	0	0
-0.0126495	-0.00182023	0	2	5	0	0	0
-0.0185801	-0.0119511	0	2	4	0	0	0
-0.0138363	0.000495429	0	1	3	0	0	0
-0.021854	0.0418963	0	2	2	0	0	0
-0.018482	-0.0138008	1.994	1	12	0	0	0
0.0397073	0.0103083	0	2	4	0	0	0
-0.0150456	0.00147252	0	2	2	0	0	0
-0.0136526	-0.00844301	0	2	7	0	0	0
0.0205325	-0.00217689	1	2	3	0	1	0
-0.0143216	-0.00396969	0	2	7	0	0	0
0.0455761	-0.0434881	0	2	6	0	0	0
-0.0123355	0.00986312	0	1	4	0	0	0
-0.0170498	-0.0209852	0	2	2	0	0	0
0.00831415	-0.006873	0	2	3	0	0	0
0.0265441	-0.0092483	0	2	3	0	0	0
0.0179469	-0.0152339	1	1	6	0	0	0
0.121446	-0.0162837	0	1	2	0	0	0
-0.0204772	-0.00876529	0	2	1	0	0	0
-0.010294	0.0137093	0	1	4	0	0	0
-0.00963233	-0.0129625	1	1	NA	NA	0	0
-0.00505202	-0.00285816	0.999	2	7	0	0	0
0.0814252	-0.0251746	0	1	12	0	1	0
-0.024834	-0.0211169	0.996	2	8	0	0	0
0.0297983	-0.00891883	0	1	3	0	0	0
-0.0236884	-0.0583652	0	1	6	0	1	0
0.0441584	-0.00769731	0	2	3	0	0	0
-0.0139035	0.0117132	1	2	4	0	0	0
-0.0177703	0.0706014	0	2	3	0	0	0
-0.00666501	-0.0103287	0	1	5	0	1	0
-0.0109124	-0.0188658	0	1	4	0	0	0
0.0978353	0.00706281	1	1	4	0	0	0
-0.00874949	0.0286424	0	2	7	0	0	0
-0.0172878	-0.0207774	0	1	2	0	0	0
-0.0131832	0.00354974	1	1	2	0	1	0
-0.030777	-0.0543921	1	1	5	0	1	0
-0.0099376	0.00925026	1	1	2	0	0	0
0.000380823	-0.0176706	0.017	2	12	0	0	1
-0.0221926	-0.0193666	0	1	NA	NA	0	0
-0.00962159	0.00522656	0	1	12	1	1	0
0.013436	-0.0078249	0	1	4	1	0	0
0.00514169	0.0466001	0	1	2	0	0	0
-0.012262	-0.00414259	0	1	2	0	0	0
0.0309478	-0.00442702	0	1	4	0	0	0
-0.000277645	-0.00839964	0	2	6	0	0	0
0.138398	-0.00472846	0.997	2	2	0	1	0
-0.0128467	0.0180002	0	2	2	1	0	0
-0.00547264	-0.0172093	1	2	1	0	0	0
-0.0191675	-0.0181017	0	1	2	0	0	0
-0.0140346	-0.0176971	0	1	3	0	0	0
-0.0137934	-0.00298729	0	1	15	0	1	0
0.0888641	-0.00913883	0	1	4	0	0	0
0.0309758	-0.00685838	0	2	NA	NA	0	0
-0.0213766	-0.0156481	1	2	2	0	0	0
-0.0216142	0.0386031	0	1	3	1	1	0
-0.0130069	-0.00914933	0.992	1	4	0	0	0
0.136616	0.000499385	0	2	1	0	0	0
-0.0262662	-0.0114693	0	1	4	0	0	0
-0.0177346	0.00131253	0	2	5	0	0	0
-0.000603544	-0.00927946	0	1	5	0	0	0
-0.0144026	0.00597915	0	2	6	1	1	0
-0.00330214	0.00452265	0	1	5	0	0	0
-0.0162612	0.00439642	0	2	4	0	1	0
0.00704395	-0.0130863	0	2	5	0	1	0
0.0136278	0.00169753	0.995	1	6	0	0	0
-0.0197952	-0.0144489	1	2	5	0	0	0
-0.0171935	-0.0160208	0	1	3	0	0	0
-0.012386	0.0190344	0	1	7	0	1	0
0.0560008	-0.00471729	0	1	2	0	0	0
-0.017901	-0.00393296	0	1	5	0	0	0
0.0644006	-0.0127795	0.995	2	1	0	0	0
-0.0165653	0.00297541	1	2	5	0	0	0
0.00105006	0.0802606	0	1	2	1	0	0
-0.00410671	0.0258518	1	2	1	0	0	0
0.00976474	-0.0146483	0	2	NA	NA	0	0
0.0908573	-0.0217252	0.996	2	3	0	0	0
-0.0135285	-0.0192907	0	2	3	0	0	0
-0.0233891	-0.0396922	0.002	2	1	0	0	0
-0.0207412	-0.0176592	0.975	2	NA	NA	0	0
-0.00377034	-0.0145039	1	1	2	0	0	0
-0.0133536	0.0399125	0	2	9	0	0	0
0.0254344	-0.00859965	0.989	2	1	0	0	0
-0.00840029	-0.0184209	0	1	6	0	0	0
0.123901	-0.0152731	1	1	2	0	0	0
-0.02396	-0.0214445	0	2	1	0	0	0
-0.0195148	-0.0126078	0	1	7	0	0	0
-0.0131441	-0.0180851	0	2	3	0	1	0
0.0784555	-0.0133669	0	1	2	0	0	0
0.107305	-0.0156591	0.995	2	3	0	0	0
-0.000708042	-0.00228144	0	2	4	0	1	1
-0.0209569	-0.0150166	0	1	1	0	0	0
0.0205218	-0.00890848	0	2	1	0	0	0
-0.0190478	-0.00770882	0	1	NA	NA	0	0
-0.0126135	0.00293182	0.057	2	2	0	0	0
-0.011024	0.0139359	0	1	3	0	0	0
0.0148938	0.0306035	0	1	2	0	0	0
-0.0170392	-0.00521578	1	1	2	0	0	0
-0.0214869	-0.0155974	1	2	5	0	0	0
-0.0162765	-0.01851	1	1	4	0	0	0
-0.00984771	0.0056059	1	2	1	0	0	0
-0.00985068	-0.0103967	0	1	1	0	0	0
-0.023682	-0.0139247	0	2	3	0	0	0
-0.0128684	-0.0168489	1	2	1	0	0	0
-0.0190621	-0.0197994	0	1	NA	NA	0	0
-0.0193323	-0.019669	0	1	2	0	0	0
-6.62E-05	0.00293899	1	1	9	0	1	0
-0.0213207	-0.0188723	0	1	4	0	0	0
0.141773	0.00171641	0	1	3	1	0	1
-0.0123869	-0.0052748	1	2	2	0	0	0
-0.0170545	-0.00375185	0	1	5	0	0	0
-0.0141041	-0.00605547	0	1	3	0	0	0
0.0355644	-0.009356	0	1	3	0	0	0
-0.0124549	0.00115648	1	2	1	0	0	0
-0.0138974	-0.00394681	2	2	2	0	0	0
0.0013124	0.134052	0	1	2	0	0	0
0.0373368	-0.0187716	0	2	1	0	0	0
-0.00446297	0.0171352	0	1	3	0	0	0
-0.0219744	-0.022125	0	1	2	0	0	0
-0.0144345	-0.00820945	0	2	NA	NA	0	0
0.000715719	-0.00968067	1	1	3	0	0	0
-0.0212686	-0.0209408	0	1	1	0	0	0
-0.0219979	-0.0166684	1	2	NA	NA	0	0
-0.0194039	-0.0139686	0	2	4	0	0	0
-0.0218508	-0.0238135	0	2	6	0	0	0
0.106915	0.01099	0	2	1	0	0	0
-0.0203424	-0.0174572	0	1	3	0	0	0
-0.0145646	-0.00563238	0	1	8	0	0	0
0.0714768	-0.0214816	0	1	4	0	0	0
-0.0260316	-0.0260369	0	1	1	0	0	0
-0.0182951	-0.0154049	0	2	8	0	0	0
-0.008963	-0.00678865	0	1	3	0	0	0
-0.00284883	0.0246672	0	1	6	0	0	0
-0.0154741	-0.000693134	0	2	4	0	0	0
-0.0216002	-0.0208829	0.983	1	1	0	0	0
-0.00568076	0.0375232	0.051	1	1	0	0	1
0.0182064	-0.0130802	0	2	5	0	0	0
-0.0197717	-0.00937531	1	2	6	1	0	0
-0.0200101	-0.021608	1	2	3	0	0	0
-0.00793902	-0.0165342	0	2	8	1	1	0
-0.00840737	-0.0095079	0	2	2	0	0	0
-0.00959065	0.0232245	0	1	1	0	0	0
-0.009429	-0.0120697	1	2	8	0	0	0
-0.00954442	-0.00538085	0	1	3	0	0	0
-0.00252488	-0.00995924	0	2	6	0	0	0
0.00860899	0.00907406	0	2	10	0	1	1
-0.0210457	-0.020197	1	1	1	0	0	0
-0.0181831	0.0566376	0	2	4	0	0	0
-0.0211113	0.0679819	1	1	3	0	0	0
-0.0217624	-0.0192781	0	2	2	0	0	0
-0.00157614	0.0119224	0	2	2	0	0	0
-0.0125627	-0.0209552	0	2	3	0	0	0
0.0165169	0.00659556	0	1	2	0	0	0
0.0554011	-0.00875468	0	1	3	0	0	0
-0.0300844	-0.0345309	0	1	7	0	1	0
-0.00438881	0.0644549	0	2	2	0	0	0
-0.0112246	-0.00166378	0	1	4	0	0	0
-0.000293273	0.0451384	0	1	4	0	0	0
-0.0128535	0.105407	1	2	NA	NA	0	0
-0.0144491	-4.36E-05	1	2	4	0	0	0
0.0195367	-0.0305094	1	2	1	0	0	0
-0.0197471	-0.0155895	0	1	3	1	0	0
-0.0166964	-0.0150542	0	1	3	0	0	0
-0.00239674	0.0236245	0	1	2	0	0	0
-0.00542697	-0.00838832	0.998	1	2	0	0	0
0.0202149	-0.043744	0	1	2	0	0	0
-0.018441	-0.0184365	0	1	5	0	0	0
-0.00325152	0.0108572	0	1	10	0	1	0
-0.0115709	-0.00223152	0	1	2	0	0	0
-0.00491	0.0298659	0	1	12	0	0	0
0.116205	0.0260831	0	1	6	1	0	0
0.0405385	-0.00416222	0	2	5	0	0	0
-0.0156054	-2.18E-05	0	2	7	0	0	0
-0.00550425	-0.0168114	0	1	5	0	0	0
-0.014647	-0.00535124	0	1	4	0	0	0
-0.0139155	-0.0140693	0	2	2	0	0	0
-0.0117555	0.00897214	0	2	3	0	0	0
-0.0154648	-0.0194558	0	1	2	0	1	0
-0.0194423	0.00242928	0	2	2	0	0	0
-0.00465558	-0.00289174	1	2	NA	NA	0	0
-0.00392786	-0.0113785	1	2	3	0	1	0
-0.00980173	-0.0143191	0	1	1	0	0	0
-0.019406	-0.0170576	0	1	3	0	0	0
-0.0263096	-0.0236928	1	2	NA	NA	0	0
0.0533426	-0.0071666	0	2	1	0	0	0
0.0843189	0.00186415	0	2	3	0	0	0
-0.0234142	-0.0183703	0	2	NA	NA	0	0
-0.0010853	-0.0193041	0	1	4	0	0	0
-0.0156421	-0.00208411	0.999	2	4	0	0	0
-0.00235008	0.129107	0	2	3	0	0	0
-0.0108348	0.00144328	0	2	1	0	0	0
0.0152479	-0.000762102	2	1	5	0	0	0
0.0346572	-0.0031899	1.014	1	7	1	0	0
-0.0127195	-0.00116328	0	1	8	0	0	0
-0.012918	-0.0180971	1	2	7	0	0	0
-0.00618963	0.0060706	0	1	1	0	0	0
-0.00970396	0.00518932	0.999	1	2	0	0	0
-0.0031913	-0.0141732	0	2	8	0	1	0
0.0526357	-0.0233533	0	1	2	0	0	0
-0.0169846	-0.00960731	0	1	2	0	1	0
0.0207003	-0.000429247	0	2	7	0	0	0
-0.0128182	-0.0183134	0	2	10	0	1	1
-0.00229004	-0.0136054	1	1	13	0	0	0
-0.0102083	0.0560676	0.998	2	2	0	1	0
-0.0207808	-0.0152362	0	2	2	0	0	0
-0.0117791	-0.020286	0	1	6	0	1	0
0.000823109	-0.0185842	0.989	1	2	0	0	0
-0.0210884	-0.018504	1	2	2	0	0	0
-0.0169363	-0.0136582	0	1	4	0	0	0
-0.00700612	0.0366522	0.042	1	NA	NA	0	0
-0.0119419	-0.0114561	0	2	4	0	0	0
-0.00632724	-0.000264902	0	1	NA	NA	0	0
0.00836532	0.185322	0	2	8	0	0	0
-0.0103947	0.00107968	0	2	NA	NA	0	0
-0.0243582	-0.0202756	0	1	NA	NA	0	0
-0.00891907	0.0224035	0	1	3	0	0	0
-0.00979598	0.00110935	0	2	2	0	0	0
0.0512686	-0.0030662	0	2	NA	NA	0	0
0.0779854	-0.00458413	0	2	NA	NA	0	0
-0.0216922	-0.023111	0	2	3	0	0	0
-0.0109833	-0.0190682	0	1	2	0	0	0
0.11115	-0.0165858	1	2	6	1	1	0
-0.015795	-0.0149595	0	2	1	0	0	0
-0.0166336	-0.0219536	0.998	1	3	1	0	0
-0.0127177	-0.0137535	1	1	2	0	0	0
-0.0111731	-0.00151696	0	1	5	0	0	0
-0.0103153	-0.00137769	0	1	1	0	0	0
-0.0205414	-0.0103907	0	2	7	0	0	0
-0.0132765	-0.00170221	0	2	NA	NA	0	0
-0.0176931	-0.00963073	1	1	6	0	0	0
0.0848147	-0.000231162	0	1	1	0	0	0
-0.023945	-0.0157937	1.679	1	1	0	0	0
-0.0126436	-0.012792	0	2	7	0	1	0
-0.0152161	0.0835857	1	2	2	0	0	0
0.00300563	0.0302292	0.981	1	1	0	0	0
-0.0157103	0.0058548	0	1	3	0	0	0
-0.00585635	0.0135105	0	1	4	0	0	1
0.00235446	-0.010574	0	1	3	0	0	0
0.0314639	-0.00367264	1	1	3	0	0	0
-0.0174393	-0.0156556	0	2	2	0	1	0
-0.00810004	-0.0125171	1	2	6	1	0	0
-0.020812	-0.0189697	0	1	8	0	0	1
-0.0227288	-0.0146266	0	1	NA	NA	0	0
-0.0204245	-0.016042	0	1	NA	NA	0	0
0.0632088	-0.00555804	0	2	1	0	0	0
-0.0128037	0.0161583	0	2	7	1	1	0
-0.00973073	-0.0048456	0	1	7	0	1	0
-0.00756435	-0.0149479	0	1	3	0	0	0
-0.00149692	0.0255423	0	2	3	0	1	0
-0.0294488	-0.0462183	0	1	6	0	1	0
-0.0174086	-0.0186804	0	1	2	0	1	0
-0.0120515	0.0945432	0	2	5	0	1	0
0.047381	-0.00759991	0	2	2	0	0	0
0.130662	0.00160706	0	2	2	0	0	0
-0.015777	0.00131952	0	2	6	0	0	0
-0.0187612	0.0606163	0.997	1	6	1	0	1
0.0661831	0.0113625	0.969	2	6	0	0	0
0.00235763	-0.00947779	0	1	6	0	0	0
0.0439558	-0.00436108	0	2	13	0	1	0
0.00274791	-0.0110111	0	2	1	0	0	0
-0.018127	-0.0104622	0	2	2	0	0	0
0.0873928	-0.013748	0	1	2	0	0	0
0.052904	-0.0107489	0	2	NA	NA	0	0
-0.0190607	-0.0157112	0	1	4	1	0	0
-0.0142401	0.0728448	0	2	1	0	0	0
-0.0122836	-0.0130307	0	1	2	1	0	1
0.0037407	0.0225494	0	2	3	0	1	0
-0.00368719	0.00563031	0.967	1	1	0	0	0
0.072513	0.0505255	0	1	4	0	0	0
-0.0140892	-0.00196195	0	1	4	0	0	0
-0.0244026	-0.020485	1	1	8	0	0	0
-0.0102249	0.0256671	0	1	NA	NA	0	0
0.00850694	0.0127774	0	2	4	0	0	0
-0.0161077	-0.0077782	0	1	3	0	0	0
-0.0129632	0.0228735	0	2	2	0	1	0
-0.0112603	0.012997	0	2	7	0	1	0
-0.00185037	-0.00435934	0	1	3	0	1	0
-0.00366045	0.0246346	0	2	8	1	0	0
-0.0202379	-0.0179622	1	1	5	0	1	1
-0.0173092	-9.07E-05	0	2	4	1	0	0
-0.0180757	-0.0208874	1	2	3	0	0	0
-0.00632645	0.0262026	0.056	1	6	0	0	0
-0.00646793	0.0282179	0	1	NA	NA	0	0
-0.0137852	0.00633726	1.969	1	1	0	0	0
-0.00379044	0.00919809	0	1	6	0	0	0
-0.0244133	-0.0242677	0	2	2	0	0	0
-0.0199866	-0.00666353	0	1	NA	NA	0	0
-0.000801018	0.03083	0	2	1	0	0	0
-0.0152284	-0.020861	0	2	6	0	0	0
-0.0167013	-0.0120969	0.999	1	1	0	0	0
-0.0228858	-0.0165051	0	2	NA	NA	0	0
-0.00961125	0.000860018	0	1	2	0	0	0
-0.0120692	0.0211494	0	2	1	0	0	0
-0.0203122	-0.0217614	1	1	4	0	1	0
-0.0264178	-0.0500121	0	1	3	0	0	0
-0.0227306	-0.0114517	1	2	4	0	1	0
0.00708317	0.00467606	1	2	1	0	0	0
-0.0200236	-0.0211612	0	1	4	0	0	0
0.0842977	0.124571	0	2	5	0	0	0
-0.0140933	-0.0154332	0	2	3	0	0	0
-0.0219261	-0.00517112	0.339	1	7	1	0	0
-0.0162988	-0.00656876	0	2	1	0	1	0
-0.018333	-0.0149542	0	2	2	0	0	0
-0.00109829	6.83E-05	0	1	14	0	0	0
-0.0197649	-0.0184482	0	2	6	0	0	0
0.00440836	-0.0130479	0	2	5	0	1	0
-0.0107116	0.0486336	0	1	2	0	0	0
0.00758935	0.0226071	1	1	1	0	0	0
-0.00885311	0.00376626	0	1	15	0	0	0
-0.0133877	0.0110257	0	1	4	1	1	0
-0.00765578	0.0224165	1	1	1	0	1	0
-0.0223338	-0.0217508	0.997	2	6	0	1	0
0.0111836	-0.00390849	0	1	1	0	0	0
-0.00739488	0.0940829	0	1	NA	NA	0	0
-0.0225789	-0.0205506	0	1	1	0	0	0
-0.0198284	-0.00781724	0	2	1	0	0	0
-0.0146638	-0.0103511	1	1	2	0	0	0
-0.0289568	-0.0239842	1.998	2	3	0	0	0
-0.0164101	0.000539109	0	1	10	0	1	0
-0.0166884	-0.0135476	0.011	2	NA	NA	0	0
-0.0125506	-0.00555618	0	2	NA	NA	0	0
0.00568937	-0.0198316	0	1	17	0	0	0
-0.00580766	0.027379	0	1	5	0	0	0
-0.0143648	0.0108459	0	2	8	0	0	0
0.080979	0.0200887	0.521	1	5	0	0	0
-0.0152838	0.0912485	0	2	1	0	0	0
0.0109972	0.00800153	0	2	1	0	0	0
0.0440364	0.0191291	0	2	2	1	0	0
-0.0249284	-0.0208843	0	2	4	0	1	0
-0.01551	-0.0143633	0	1	3	0	0	0
-0.00904427	0.0139905	0	1	5	0	1	0
-0.000977034	-0.0206568	0	1	2	0	0	0
-0.0155993	-0.00693167	1	1	3	0	0	0
-0.00517772	0.026768	0	2	NA	NA	0	0
-0.00351387	-0.0149906	0	2	NA	NA	0	0
-0.0133071	0.00310899	0	1	6	1	0	0
-0.0160453	-0.0241377	0	1	5	0	0	0
-0.0119238	-0.0019514	1	2	NA	NA	0	0
-0.0172112	-0.0115866	1	2	3	0	1	0
-0.00418947	-0.019482	0.976	1	3	0	0	0
-0.0140439	0.00752379	0.02	1	5	0	1	0
-0.00964182	0.010807	0	1	3	0	0	0
-0.019537	-0.0152481	0	1	2	0	0	0
-0.00865735	-0.021452	1	1	NA	NA	0	0
0.130199	0.00348796	0.999	1	3	0	0	0
0.129116	0.00667662	0.001	1	5	0	1	0
-0.00707536	-0.00459891	0	2	NA	NA	0	0
-0.0145891	-0.0115018	0	1	NA	NA	0	0
-0.0164747	-0.0105036	0	1	3	0	1	0
-0.00633638	0.0349404	1	2	2	0	0	0
-0.0122093	0.00407277	1	1	2	0	0	0
-0.0120062	-0.0127381	0	2	NA	NA	0	0
-0.00600945	0.0146212	0	1	2	0	0	0
-0.0341035	-0.0584734	0	1	2	0	1	0
-0.0173508	-0.0183223	0	1	3	0	0	0
-0.0137619	-0.0144069	0.997	2	1	0	0	0
0.0613787	-0.0126697	0	2	4	0	1	0
-0.0197954	-0.00830262	0	1	3	0	0	0
-0.0195243	-0.0146302	0	2	3	0	0	0
-0.0157297	-0.0140119	0	1	2	0	0	0
-0.01961	-0.0274195	0	2	4	0	1	0
-0.0125885	-0.00618578	0	1	NA	NA	0	0
-0.031035	-0.0348026	0	1	2	0	0	0
-0.0146382	-0.0206667	0	1	16	0	1	0
-0.0174798	-0.0175333	1	1	NA	NA	0	0
-0.024837	-0.0177459	0	1	1	0	0	0
-0.00525876	-0.0139177	0	2	3	0	0	0
-0.019361	-0.0109716	1	1	NA	NA	0	0
-0.017686	-0.00749849	0	1	1	0	0	0
-0.0203129	0.0360898	1	2	5	0	0	0
-0.0194724	-0.00972957	0	1	NA	NA	0	0
0.00413433	-0.00523801	0	1	8	0	0	0
-0.0133866	-0.0156525	0	1	13	1	0	1
-0.000180553	0.0143808	0	2	1	0	0	0
-0.00923408	0.00884146	0	2	1	0	0	0
-0.0208021	-0.0210309	1	2	7	0	1	0
-0.00274971	-0.0159102	0	1	1	0	0	0
-0.0042671	-0.00965424	1	2	4	1	0	0
-0.0150979	-0.00566269	0	1	2	0	0	0
-0.00989916	0.00505697	0	1	1	0	0	0
0.0124102	-0.00222871	0	1	2	0	1	0
-0.0168922	0.00645044	1	1	1	0	0	0
-0.00912311	0.0106603	0.097	1	7	0	0	0
-0.0154407	-0.00444198	0	2	10	0	0	0
-0.0229314	-0.0244039	0.807	1	NA	NA	0	0
0.00245782	-0.011597	0	2	1	0	0	0
-0.00373214	0.128951	0	2	3	0	0	0
0.00428168	0.0128665	0.821	2	4	0	1	0
-0.0088142	0.0269896	0	1	3	1	1	0
0.00535487	-0.0115001	1	2	2	0	0	0
-0.0201585	-0.0187633	0	2	4	0	0	0
-0.009725	0.110194	0	2	2	0	1	0
-0.00975184	0.0092727	0	1	2	0	0	0
0.0209952	-0.00927149	1	1	2	0	0	0
-0.0159777	-0.0176241	0	1	10	0	0	0
-0.00326946	-0.0161124	0	2	3	0	0	0
-0.0105973	0.0158519	0	2	1	0	0	0
-0.0141713	-0.0327397	0	1	5	0	0	0
-0.0150137	-0.0100812	0	2	1	0	1	0
-0.015215	0.0137765	1	2	3	0	1	0
-0.0172125	-0.0136867	1	2	4	0	1	0
-0.00957021	-0.00998891	0	1	3	0	0	0
-0.0127009	-0.00141102	0.853	1	6	0	0	0
-0.00932813	-0.00954408	0	2	6	0	1	0
-0.0225184	-0.022117	0	2	4	1	0	0
0.00137155	-0.0129988	0	1	3	0	0	0
0.110374	-0.0134333	0	1	NA	NA	0	0
-0.00870572	-0.00277529	0	1	6	0	1	0
0.0389119	-0.00647434	1	1	5	0	0	0
-0.00173121	-0.0122895	0	1	2	0	0	0
-0.014795	-0.00980047	0	2	3	0	0	0
-0.00853798	0.0362741	1.999	1	3	0	0	0
-0.018124	-0.0142734	0	2	2	0	0	0
-0.0119745	0.00872454	0	2	3	0	0	0
0.00120165	0.023272	0	1	2	0	0	0
-0.0109112	-0.000721898	0	2	3	0	0	0
-0.0143526	-0.0188457	0	1	2	0	0	0
0.00698175	-0.0158895	0	2	5	0	0	0
0.103429	0.0286789	0	2	2	0	0	0
-0.00205672	0.0110868	0	1	2	0	0	0
0.00722947	-0.00643765	0	2	4	0	0	0
-0.0129901	0.00422565	1	2	6	0	0	0
-0.0174344	-0.00915829	0	1	9	0	1	0
0.0615961	0.0314201	0	2	1	0	0	0
-0.0141132	-0.0188478	0.999	2	3	0	0	0
-0.0160668	-0.0155169	0	1	11	1	0	0
-0.0199248	-0.0027707	0	2	5	0	1	0
-0.013565	-0.00727636	0	1	2	0	0	0
-0.0184662	-0.0142971	0	1	2	0	0	0
-0.014278	-0.00249549	0	1	2	0	0	0
-0.016725	0.0139107	1	1	4	0	0	0
-0.0072183	0.0189521	1.014	2	2	0	0	0
-0.0135377	-0.00652368	0.995	1	3	0	1	0
0.0315579	-0.0358439	0	1	1	0	0	0
-0.0198197	0.0418546	0	2	2	0	0	0
0.00268081	-0.0139746	0.999	1	4	0	0	0
-0.0169429	-0.00617613	1	2	3	0	0	0
0.0180884	-0.0141692	0	1	5	0	0	0
0.000493871	-0.00329118	0	1	1	0	0	0
-0.0172167	-0.0160418	0	1	1	0	0	0
-0.0173718	-0.0201967	1	2	4	0	0	0
-0.0145329	0.00926165	1	2	1	0	0	0
-0.00656506	0.0216059	0	2	6	0	0	0
-0.0233668	-0.0180614	0	1	2	0	0	0
0.0207828	0.0112493	0	2	4	0	0	0
-0.0108468	0.00481266	1	2	6	0	0	0
0.0137599	0.0733975	0	2	4	0	0	0
-0.00115627	0.133691	0	2	1	0	0	0
-0.00637614	0.0133245	1	2	1	0	1	0
-0.015981	-0.0091899	0.939	1	NA	NA	0	0
0.108298	-0.0208324	0.995	2	3	0	1	0
-0.0164168	0.0102988	0	1	1	0	0	0
-0.0104326	-0.0129165	0	2	3	0	1	0
-0.0255436	0.00438764	0	1	6	1	0	0
0.0140723	-0.00518829	0	1	2	0	0	0
-0.0130356	-0.0192646	0	2	4	0	0	0
-0.0114281	0.0309508	0	1	2	0	0	0
-0.0201799	-0.0124848	0	2	1	0	0	0
-0.0174659	-0.0139695	0	2	NA	NA	0	0
0.0925536	-0.0105069	0	2	1	0	0	0
-0.013301	-0.0173713	0.998	1	1	0	0	0
-0.0274967	-0.0514342	0	1	2	0	0	0
-0.0124907	0.00364104	0	1	8	0	0	0
-0.019197	-0.0215889	0.675	1	8	0	1	0
-0.0200498	-0.0204633	0	2	2	0	0	0
-0.0145551	-0.00211312	0	1	2	0	0	0
-0.00283091	0.00571644	0	1	6	0	1	0
-0.0135392	0.0836179	0	2	3	0	0	0
-0.010755	-0.000525813	0.001	1	2	0	0	0
-0.0135934	0.0733061	1	2	NA	NA	0	0
-0.0108148	-0.0176487	0	2	1	0	0	0
-0.0165292	-0.00620216	1	2	5	0	0	0
-0.0140527	0.00862439	0	2	1	0	0	0
-0.0227577	-0.021124	0	1	4	0	1	0
-0.0303365	-0.0514317	1	1	2	0	0	0
-0.0268335	-0.0374334	0	1	2	0	0	0
-0.0103159	-0.0156558	0	2	NA	NA	0	0
-0.00681818	0.0138464	0.992	1	3	0	0	0
-0.0134985	-0.0205387	0	1	1	0	0	0
-0.00930648	0.0147988	0	2	10	1	0	1
0.0267367	0.0071317	1	2	3	0	0	1
-0.00881278	0.0155974	0	2	2	0	1	0
-0.0223475	-0.0160944	0	1	4	0	0	0
-0.0133805	-0.0113184	0	1	4	0	0	0
0.0117533	0.0218395	0	1	5	0	0	0
-0.0161171	-0.014143	0	2	2	0	0	0
-0.0229828	-0.0156444	2	2	4	0	0	0
-0.0163845	-0.00405087	0	1	1	0	0	0
-0.0131385	-0.017886	0	1	NA	NA	0	0
-0.0137469	0.00401471	1	2	3	0	0	0
-0.010291	0.0283987	0	2	4	1	0	0
-0.0203424	-0.0187162	0	1	6	0	0	0
-0.0166737	-0.0115118	0	2	1	0	0	0
0.0239396	0.0272762	0	1	1	0	0	0
-0.0121285	0.054928	0.05	2	1	0	0	0
0.00476055	0.0432745	0	1	1	0	0	0
0.0104247	0.0701568	0	1	4	0	0	0
-0.0128028	-0.0198247	1	2	3	0	0	0
-0.0112809	0.00124153	0	2	1	0	0	0
-0.017418	-0.00829334	0	2	3	0	1	1
-0.0145007	-0.0107267	0	2	2	0	0	0
-0.0171965	0.0798066	0	1	1	0	0	0
0.0156475	-0.00998134	1	2	7	1	1	0
-0.017092	0.0147301	0.764	1	1	0	0	0
-0.0104235	0.0138198	0	2	5	1	1	0
-0.014001	0.0183431	1	2	5	0	0	0
-0.0030955	-0.00354854	0	1	1	0	0	0
-0.0184234	0.0181694	0	1	2	1	0	0
0.0170472	0.00880959	0	2	NA	NA	0	0
-0.0277097	-0.0230824	0	1	6	0	1	1
-0.013439	-0.00145093	0	1	3	0	0	0
-0.00274954	-0.0139038	0	2	1	0	1	0
-0.0125605	0.00373152	0	1	2	1	1	0
-0.015132	-0.0133747	1	2	3	0	1	0
0.0681646	-0.0027296	0	2	7	0	0	0
-0.022814	-0.0174627	0	1	1	0	0	0
-0.0142518	-0.00667865	0	1	1	0	0	0
-0.0143568	-0.0190348	0	2	3	1	1	0
-0.0179642	-0.0198974	1	2	2	0	0	0
-0.0111651	0.0162928	0	1	9	0	0	0
-0.0128464	-0.0186051	0	2	3	0	0	0
0.013051	-0.00706694	0	1	4	0	0	0
-0.0211782	-0.0139531	0	1	3	0	1	0
0.00416396	-0.00991018	0	1	NA	NA	0	0
-0.0179188	-0.0145508	0	2	3	0	0	0
-0.00137356	0.138437	0	2	4	0	0	0
-0.0133814	-0.0137253	0	2	2	0	0	0
-0.00366636	0.0330416	0	2	2	0	0	0
-0.00576786	0.0146261	0.805	1	NA	NA	0	0
-0.0162326	-0.0195613	0.998	1	3	0	1	0
0.00486896	-0.0105769	0	2	4	0	0	0
-0.0183001	-0.0207116	0	1	6	0	1	0
-0.020739	-0.0180637	0.999	1	6	1	0	0
-0.0235994	-0.0189668	0	1	NA	NA	0	0
-0.00961103	0.0187128	0	2	4	0	0	0
-0.0208235	-0.0244842	1.679	1	5	0	0	0
-0.0102076	0.0236358	1	1	2	0	0	0
0.0382843	0.00631605	0	2	2	0	0	0
-0.0146457	-0.020713	0	1	4	0	0	0
-0.00931174	0.0135391	0	1	4	1	1	0
-0.00754454	-0.0159659	0.416	2	1	0	0	0
0.105207	-0.00796593	0	1	3	0	0	0
0.01051	-0.0036898	0	2	1	0	0	0
-0.0177836	-0.013896	0.997	2	2	0	0	0
-0.018287	-0.00823308	0	2	8	1	0	0
-0.0226558	-0.0580984	0.991	2	2	0	0	0
-0.0220048	0.0144572	0	2	3	0	0	0
0.0137809	0.0377682	1	1	1	0	0	0
-0.0103456	0.0180453	0	2	2	0	0	0
-0.0162815	0.000655701	0	2	7	0	0	0
-0.0191795	0.00706161	0	2	5	0	0	0
0.0116765	0.0192263	0	2	8	1	1	0
-0.00859556	0.0036922	1	1	5	0	0	0
-0.0182129	-0.0149125	0	2	6	0	0	0
0.000643359	0.000917671	0	2	NA	NA	0	0
-0.0190325	-0.0237147	1	1	3	0	0	0
-0.010751	-0.0189831	0.999	2	6	0	0	0
-0.0109216	0.0157043	0.001	2	12	0	0	1
0.00366997	-0.010268	0	2	2	1	0	0
-0.022039	-0.00934316	0.166	2	4	1	0	0
-0.00889543	0.0294993	0	2	1	0	0	0
-0.0104463	-0.001512	0	2	12	0	1	0
-0.01396	-0.0148892	0	1	4	0	0	0
-0.00990827	0.0120674	0	2	2	0	0	0
-0.0137981	0.021367	1	1	8	0	0	0
-0.0197142	-0.00621306	1.507	1	10	0	1	0
0.0129242	-0.00231707	0	2	3	0	0	0
-0.0166273	-0.0202853	0	1	1	0	0	0
-0.0144579	-0.0194056	0	1	3	0	0	0
-0.0165639	-0.0153262	0	2	2	0	0	1
0.0271156	-0.000847648	2	1	4	0	0	0
0.0465678	0.013906	1.015	1	3	0	0	0
-0.0237929	-0.0192023	0	1	3	0	0	0
-0.00325748	0.0264829	0	1	NA	NA	0	0
-0.0161813	-0.0127665	0	2	1	0	0	0
-0.0151857	0.0107148	0	2	4	1	0	0
0.040625	-0.00658377	0.013	1	15	0	1	0
-0.00712959	0.0239945	0.995	1	2	0	0	0
-0.0221276	-0.0173471	0	1	5	0	1	0
-0.00252257	0.0186457	0	2	NA	NA	0	0
0.0726319	-0.00973621	0	2	6	0	0	0
-0.0160333	0.00791016	0	2	3	0	0	0
0.0113135	-0.0120417	0	2	11	0	0	0
-0.0107345	0.00513808	0	2	2	0	0	0
-0.0147657	0.00421072	0	2	2	0	0	0
-0.00547643	0.026882	1	1	8	0	0	0
0.0546232	-0.00797312	0	1	9	0	1	0
-0.00978186	0.000307218	0	2	NA	NA	0	0
-0.00537775	0.0421738	0	1	NA	NA	0	0
-0.0106581	-0.0129577	0	2	5	1	0	0
-0.0106976	0.00154965	0	1	1	0	0	0
0.0306077	-0.00661245	0	1	1	0	0	0
-0.0162793	0.0154763	0.998	2	1	0	0	0
-0.0189552	0.023718	0	2	1	0	0	0
-0.0119678	-0.00172741	0	1	3	1	0	0
-0.0124062	-0.0121123	1	1	2	0	0	0
-0.00452334	0.0010754	0	1	2	0	0	0
0.0246567	0.0024073	1	2	1	0	0	0
-0.0118547	0.00101899	0	1	2	0	0	0
-0.00918343	-0.00106786	0.832	2	5	0	1	0
-0.00984908	0.00686641	0	2	4	0	0	0
-0.0226394	-0.0136639	0	2	3	0	0	0
-0.0117123	0.102391	0	2	4	0	0	0
-0.0175294	-0.0113336	0	2	2	0	0	0
0.0523528	-0.0152739	0	2	1	0	0	0
-0.0191496	-0.0125913	0	1	2	0	0	0
0.00791627	-0.00782388	0	1	4	0	0	0
-0.0126999	-0.0124318	2	2	6	1	1	0
-0.00727167	0.00777883	0.778	1	1	0	0	0
-0.013281	0.011218	0	2	5	0	0	0
-0.02109	-0.0162313	0	2	2	0	0	0
-0.0106894	-0.00373672	0	2	1	0	0	0
-0.0204993	-0.0207931	0.999	1	5	0	0	0
-0.0182801	0.000270649	0	2	5	0	1	0
-0.00429277	0.0243272	0	1	NA	NA	0	0
0.00302365	0.0347759	0	2	4	0	0	0
-0.0147531	-0.00263231	0.998	1	14	0	1	0
-0.00504979	0.0259462	0	1	1	0	0	0
-0.0137313	0.0482302	1.997	2	4	0	0	0
-0.00919919	0.00973214	0	1	NA	NA	0	0
-0.000613902	-0.0367963	0.011	2	6	0	0	1
-0.0187914	-0.0149159	1	2	8	0	1	0
0.0376339	-0.00298111	1.212	1	5	0	0	0
-0.0110782	0.0975053	1	2	2	0	0	0
-0.00952017	0.0306307	0	1	6	0	0	0
0.00590248	-0.020772	0	2	3	0	0	0
0.0475191	-0.0204569	0	2	1	0	0	0
-0.00515772	0.0358683	0	2	8	0	0	0
-0.026489	-0.0175694	0	1	1	0	0	0
0.140018	-0.00257137	0	2	6	1	0	0
-0.0191544	-0.00545178	0	2	1	0	0	0
-0.015721	-0.00873268	0	2	1	0	0	0
0.0308254	-0.0231944	0	1	9	0	1	0
-0.0225787	-0.0156442	0.494	1	NA	NA	0	0
-0.0149316	-0.0176256	0	1	7	0	0	0
-0.0086756	-0.0391776	0	2	4	0	0	0
0.0275564	0.00490391	0	2	1	0	0	0
0.0292006	-0.00780506	0	2	NA	NA	0	0
-0.0266709	-0.0240729	0	2	2	0	1	0
